4 0.4303125 0.635011574074074 0.08120370370370367 0.0668981481481481
4 0.384537037037037 0.6698611111111111 0.11342592592592596 0.08865740740740743
6 0.10601851851851851 0.5598148148148148 0.07791666666666668 0.06347222222222229
6 0.10795138888888889 0.6133912037037037 0.08185185185185184 0.07939814814814809
6 0.16841435185185186 0.5375578703703703 0.07479166666666667 0.0631712962962963
6 0.18828703703703703 0.6085648148148148 0.07807870370370366 0.06659722222222228
6 0.21555555555555558 0.5672222222222223 0.07182870370370367 0.06599537037037032
2 0.3291666666666667 0.3143518518518519 0.16743055555555558 0.2306712962962963
0 0.8444097222222222 0.8256365740740741 0.2084953703703704 0.30303240740740733
0 0.7464351851851851 0.7769444444444444 0.16361111111111093 0.27694444444444455
6 0.355462962962963 0.9277314814814815 0.09942129629629637 0.11840277777777786