4 0.4121296296296296 0.5764120370370371 0.07414351851851855 0.04428240740740748
4 0.3575462962962963 0.6049305555555555 0.09995370370370375 0.06009259259259263
6 0.1103125 0.46306712962962965 0.07085648148148146 0.04113425925925931
6 0.09826388888888889 0.514699074074074 0.07182870370370371 0.05988425925925931
6 0.17510416666666667 0.4485300925925926 0.06476851851851854 0.044212962962962975
6 0.17918981481481483 0.5203472222222223 0.06805555555555554 0.047361111111111145
6 0.21550925925925926 0.4825925925925926 0.06180555555555554 0.04731481481481481
2 0.38383101851851853 0.2486226851851852 0.12895833333333329 0.1977546296296296
0 0.7762152777777777 0.8142476851851852 0.1540740740740741 0.2604166666666668
0 0.6903125 0.7539699074074074 0.10983796296296297 0.25071759259259263
6 0.2727893518518519 0.8539004629629631 0.07986111111111108 0.09430555555555528