1 0.1875 0.521875 0.0703125 0.0515625
6 0.3375 0.6875 0.1734375 0.0671875
0 0.7671875 0.3953125 0.1109375 0.06875
0 0.65625 0.39375 0.10625 0.0734375
4 0.59375 0.334375 0.1046875 0.0578125
4 0.7046875 0.3328125 0.11875 0.0671875
6 0.7046875 0.2359375 0.1359375 0.059375
6 0.565625 0.2421875 0.128125 0.06875
6 0.4453125 0.246875 0.125 0.0546875
0 0.5546875 0.39375 0.09375 0.0796875
1 0.2390625 0.53125 0.0703125 0.0515625
1 0.3 0.525 0.0703125 0.0515625
1 0.3625 0.5234375 0.0703125 0.0515625
1 0.4140625 0.5171875 0.0703125 0.0515625
1 0.48125 0.50625 0.0703125 0.0515625