1 0.4974652777777777 0.3625 0.10833333333333321 0.09375
6 0.25697916666666665 0.5015625 0.16111111111111107 0.125
6 0.11274305555555555 0.471875 0.16340277777777779 0.115625
6 0.07173611111111111 0.63125 0.14347222222222222 0.13125
6 0.40906249999999994 0.9 0.16388888888888892 0.15625
6 0.21930555555555556 0.8375 0.17965277777777774 0.0875
3 0.5537152777777777 0.7140625 0.16729166666666656 0.159375
3 0.6809027777777777 0.7421875 0.16104166666666675 0.159375
6 0.5133333333333333 0.553125 0.18069444444444435 0.134375
1 0.5729166666666666 0.375 0.10833333333333321 0.09375
1 0.6529166666666667 0.3890625 0.10833333333333321 0.09375
1 0.7333333333333334 0.3984375 0.10833333333333321 0.09375
1 0.8165972222222223 0.4109375 0.10833333333333321 0.09375