1 0.8243055555555555 0.48121527777777773 0.08368055555555572 0.06923611111111114
6 0.7269097222222223 0.6734375 0.1883101851851851 0.11444444444444439
0 0.23275462962962962 0.4720833333333333 0.12847222222222224 0.09930555555555554
0 0.339525462962963 0.44875 0.12546296296296297 0.10229166666666671
4 0.3821759259259259 0.3788888888888889 0.11863425925925926 0.08638888888888889
4 0.2752893518518519 0.3990972222222222 0.13472222222222224 0.09958333333333336
6 0.24837962962962962 0.3043055555555555 0.1502314814814815 0.09715277777777782
6 0.383275462962963 0.28222222222222226 0.144212962962963 0.103125
6 0.501099537037037 0.2625 0.1375 0.09034722222222218
0 0.437037037037037 0.428125 0.1130787037037038 0.10486111111111107
1 0.7782407407407408 0.5010069444444445 0.08368055555555554 0.06923611111111114
1 0.717650462962963 0.5076736111111111 0.08368055555555554 0.06923611111111114
1 0.657175925925926 0.5174652777777778 0.08368055555555554 0.06923611111111114
1 0.6058449074074075 0.5214236111111111 0.08368055555555554 0.06923611111111114
1 0.538888888888889 0.5246875 0.08368055555555572 0.06923611111111114