1 0.24229166666666666 0.5895833333333333 0.08321759259259257 0.06770833333333322
6 0.4299305555555556 0.7372916666666667 0.1891435185185184 0.10895833333333335
0 0.7738310185185184 0.3996875 0.1290046296296296 0.09562499999999999
0 0.6659837962962963 0.4111458333333333 0.12613425925925928 0.09854166666666675
4 0.5901620370370371 0.35791666666666666 0.118611111111111 0.08250000000000002
4 0.6963194444444445 0.3447916666666667 0.1352546296296296 0.09604166666666672
6 0.6729282407407406 0.2484375 0.15037037037037032 0.09083333333333332
6 0.5394097222222223 0.2690625 0.14488425925925927 0.09979166666666668
6 0.42282407407407413 0.28770833333333334 0.137361111111111 0.08375000000000003
0 0.5673842592592593 0.4216666666666667 0.11388888888888893 0.10083333333333329
1 0.29541666666666666 0.593125 0.08321759259259257 0.06770833333333322
1 0.35339120370370375 0.5798958333333333 0.08321759259259257 0.0677083333333334
1 0.4133101851851852 0.5714583333333334 0.08321759259259257 0.06770833333333322
1 0.462037037037037 0.5591666666666667 0.08321759259259257 0.06770833333333322
1 0.5243171296296296 0.5415625000000001 0.08321759259259257 0.06770833333333322