1 0.5104513888888889 0.4171064814814815 0.10743055555555543 0.10756944444444443
6 0.6570486111111111 0.6504976851851852 0.15895833333333337 0.14712962962962947
6 0.8026041666666666 0.6954166666666668 0.1616666666666667 0.13807870370370381
6 0.7673263888888889 0.8534375000000001 0.16548611111111117 0.1540277777777778
6 0.31437499999999996 0.9084953703703704 0.1634722222222223 0.1787037037037038
6 0.5181597222222223 0.9471238425925925 0.1760416666666668 0.10575231481481495
3 0.2788541666666667 0.6834837962962963 0.16347222222222219 0.17870370370370364
3 0.15184027777777778 0.6451967592592592 0.1604861111111111 0.18150462962962965
6 0.3985416666666667 0.56875 0.17826388888888883 0.16157407407407404
1 0.43635416666666665 0.38901620370370377 0.10743055555555561 0.10756944444444443
1 0.3559375 0.3618402777777778 0.10743055555555561 0.10756944444444443
1 0.2787847222222222 0.33186342592592594 0.10743055555555561 0.10756944444444443
1 0.196875 0.302962962962963 0.10743055555555552 0.10756944444444443