1 0.5046875 0.359375 0.0875 0.0796875
6 0.3046875 0.5359375 0.134375 0.103125
6 0.1546875 0.5328125 0.1390625 0.0921875
6 0.1453125 0.6953125 0.1375 0.1078125
6 0.559375 0.8953125 0.128125 0.1375
6 0.35625 0.86875 0.1640625 0.059375
3 0.653125 0.690625 0.1296875 0.1375
3 0.784375 0.6953125 0.125 0.140625
6 0.5703125 0.5421875 0.1515625 0.1109375
1 0.5828125 0.3578125 0.0875 0.0796875
1 0.665625 0.3578125 0.0875 0.0796875
1 0.746875 0.353125 0.0875 0.0796875
1 0.8328125 0.3515625 0.0875 0.0796875