1 0.6976041666666666 0.47920138888888886 0.04085648148148149 0.033657407407407545
6 0.8193055555555556 0.44854166666666667 0.1630787037037038 0.08775462962962965
4 0.8342476851851852 0.5664583333333333 0.07872685185185162 0.08587962962962976
4 0.7481712962962963 0.5528009259259259 0.05675925925925931 0.07208333333333332
3 0.8765162037037036 0.15283564814814815 0.1953009259259261 0.22085648148148146
4 0.5237037037037038 0.21594907407407407 0.08523148148148145 0.12062500000000007
6 0.05377314814814814 0.506412037037037 0.10092592592592593 0.13092592592592603
6 0.13609953703703703 0.43587962962962956 0.13814814814814813 0.09564814814814823
6 0.29155092592592596 0.3188078703703704 0.1069907407407408 0.10629629629629633
6 0.21384259259259258 0.3796875 0.08831018518518521 0.11456018518518522
1 0.6616550925925926 0.4797685185185186 0.05023148148148149 0.034212962962962834
1 0.6194791666666666 0.4838310185185185 0.04085648148148149 0.03365740740740737
1 0.5819560185185185 0.48292824074074076 0.04085648148148149 0.03365740740740737
1 0.5444791666666666 0.488275462962963 0.04085648148148149 0.03365740740740737
1 0.6974305555555556 0.45576388888888886 0.04085648148148149 0.033657407407407545
1 0.6568287037037037 0.4612962962962963 0.04085648148148149 0.03365740740740737
1 0.6271296296296296 0.46149305555555553 0.04085648148148149 0.03365740740740737
1 0.5849189814814815 0.4608680555555555 0.04085648148148149 0.033657407407407545
1 0.5443171296296296 0.46640046296296295 0.04085648148148149 0.03365740740740737