4 0.744849537037037 0.5116203703703703 0.09120370370370381 0.22652777777777774
4 0.8059027777777779 0.5068634259259259 0.0974537037037038 0.2271759259259259
4 0.8787615740740741 0.4914351851851852 0.09699074074074084 0.2209259259259259
4 0.6692708333333334 0.5115856481481481 0.07245370370370381 0.22458333333333336
4 0.7391203703703704 0.7531134259259259 0.09120370370370381 0.22652777777777794
4 0.8672453703703704 0.7398263888888889 0.07893518518518512 0.2283564814814815
4 0.679513888888889 0.16098379629629628 0.06539351851851852 0.08740740740740742
4 0.772974537037037 0.1686111111111111 0.06365740740740762 0.10583333333333336
4 0.39670138888888895 0.3603587962962963 0.06296296296296297 0.18018518518518523
4 0.34606481481481477 0.5482523148148148 0.06782407407407405 0.16208333333333336
4 0.2364583333333333 0.5564699074074074 0.05486111111111107 0.15453703703703708