1 0.3109375 0.546875 0.0390625 0.025
6 0.1875 0.540625 0.1546875 0.05625
4 0.1890625 0.6609375 0.0703125 0.071875
4 0.271875 0.6296875 0.0484375 0.0625
3 0.0875 0.259375 0.1703125 0.1875
4 0.44375 0.2515625 0.06875 0.10625
6 0.9515625 0.446875 0.0953125 0.1125
6 0.85625 0.39375 0.128125 0.0703125
6 0.6859375 0.3078125 0.0953125 0.0875
6 0.771875 0.353125 0.075 0.1
1 0.346875 0.540625 0.0484375 0.025
1 0.3890625 0.5359375 0.0390625 0.025
1 0.425 0.528125 0.0390625 0.025
1 0.4625 0.525 0.0390625 0.025
1 0.3078125 0.5234375 0.0390625 0.025
1 0.3484375 0.521875 0.0390625 0.025
1 0.378125 0.515625 0.0390625 0.025
1 0.41875 0.50625 0.0390625 0.025
1 0.459375 0.5046875 0.0390625 0.025