1 0.2641087962962963 0.5239930555555555 0.04629629629629628 0.032222222222222284
6 0.14439814814814816 0.4947222222222222 0.16912037037037037 0.08486111111111114
4 0.1174074074074074 0.6146527777777778 0.0878703703703704 0.08305555555555558
4 0.2064351851851852 0.5978472222222223 0.061851851851851866 0.06999999999999992
3 0.11351851851851853 0.20131944444444444 0.21418981481481483 0.216875
4 0.46282407407407405 0.25604166666666667 0.09379629629629634 0.11749999999999998
6 0.9061689814814816 0.5398263888888889 0.11331018518518547 0.12729166666666672
6 0.8319560185185185 0.47086805555555555 0.1448842592592591 0.0936805555555555
6 0.6864351851851852 0.3549305555555556 0.11752314814814824 0.10243055555555554
6 0.7598495370370371 0.4144791666666666 0.09953703703703702 0.1113888888888889
1 0.3001736111111111 0.5232291666666666 0.05567129629629628 0.03243055555555561
1 0.3421064814814815 0.5272916666666667 0.04629629629629637 0.032222222222222284
1 0.3798611111111111 0.525 0.04629629629629628 0.032222222222222284
1 0.41710648148148144 0.5289583333333333 0.04629629629629619 0.032222222222222284
1 0.26601851851851854 0.5005555555555555 0.04629629629629628 0.032222222222222284
1 0.30626157407407406 0.5061458333333333 0.04629629629629628 0.032222222222222284
1 0.3360763888888889 0.5052430555555556 0.04629629629629637 0.032222222222222284
1 0.37851851851851853 0.5030555555555555 0.04629629629629628 0.032222222222222284
1 0.4187615740740741 0.5086458333333332 0.04629629629629619 0.032222222222222284