4 0.29743055555555553 0.589386574074074 0.10812499999999999 0.23111111111111118
4 0.23628472222222224 0.6023726851851852 0.11131944444444439 0.23442129629629632
4 0.16281249999999997 0.608287037037037 0.11118055555555557 0.22817129629629634
4 0.3712152777777778 0.5694097222222222 0.08618055555555557 0.22668981481481473
4 0.3437847222222222 0.8207060185185184 0.1050694444444444 0.23405092592592602
4 0.216875 0.8438310185185186 0.09569444444444439 0.23349537037037038
4 0.3006597222222222 0.2334143518518519 0.0706944444444444 0.09157407407407411
4 0.2094097222222222 0.2669097222222222 0.06798611111111112 0.11013888888888887
4 0.6102430555555556 0.3461458333333334 0.07583333333333328 0.18238425925925927
4 0.6923611111111111 0.5129282407407407 0.07861111111111115 0.16694444444444442
4 0.8020833333333334 0.49082175925925925 0.06597222222222214 0.15995370370370382