1 0.4529745370370371 0.43440972222222224 0.12555555555555564 0.10569444444444435
0 0.7478472222222222 0.15284722222222222 0.16275462962962967 0.10340277777777773
0 0.8243402777777777 0.2203125 0.15620370370370368 0.10013888888888892
0 0.6831712962962962 0.23909722222222224 0.16215277777777787 0.09715277777777782
6 0.6131944444444445 0.8356944444444444 0.17958333333333343 0.11625000000000014
6 0.6934953703703703 0.7497916666666666 0.23625000000000007 0.0894444444444444
6 0.488761574074074 0.859548611111111 0.15277777777777785 0.0969444444444445
6 0.22578703703703704 0.8098611111111111 0.17273148148148146 0.10986111111111115
1 0.5407754629629629 0.43322916666666667 0.11960648148148145 0.10868055555555553
1 0.6226273148148148 0.4287847222222222 0.11960648148148145 0.10868055555555553
1 0.7006944444444445 0.4148611111111111 0.11960648148148145 0.10868055555555553
1 0.7903587962962962 0.4105902777777778 0.11960648148148145 0.10868055555555553