0 0.8379861111111111 0.1722800925925926 0.18222222222222229 0.23391203703703703
1 0.07930555555555555 0.2635416666666667 0.12305555555555554 0.12708333333333338
0 0.2176736111111111 0.12633101851851852 0.13576388888888893 0.16527777777777777
2 0.9154166666666667 0.4390046296296296 0.16916666666666663 0.34513888888888894
2 0.8228472222222223 0.4909143518518519 0.14611111111111086 0.24675925925925918
2 0.7498611111111111 0.40324074074074073 0.08729166666666668 0.10891203703703703
2 0.6791319444444445 0.39334490740740746 0.0938194444444445 0.1125
0 0.45510416666666664 0.5273148148148149 0.1436805555555555 0.18449074074074084
6 0.6317708333333334 0.48917824074074073 0.209513888888889 0.08692129629629637
6 0.5143055555555556 0.9480324074074075 0.13666666666666671 0.10393518518518512
1 0.1820138888888889 0.2664930555555555 0.13243055555555555 0.12777777777777785