0 0.5050694444444443 0.6265277777777778 0.06326388888888879 0.10868055555555553
0 0.845023148148148 0.7474305555555556 0.06011574074074062 0.10527777777777772
0 0.7748495370370371 0.7224305555555556 0.09148148148148146 0.12368055555555557
0 0.36158564814814814 0.5778125000000001 0.0662962962962963 0.09645833333333335
0 0.19938657407407406 0.5227430555555556 0.06944444444444446 0.099861111111111
0 0.01633101851851852 0.7235416666666666 0.03266203703703704 0.1408333333333333
0 0.047552083333333335 0.7388194444444445 0.09510416666666667 0.15576388888888887
0 0.10702546296296296 0.7490625 0.09798611111111111 0.1586111111111112
4 0.2536111111111111 0.8011805555555555 0.09803240740740744 0.16486111111111085
4 0.6075694444444444 0.92109375 0.10437499999999993 0.1578125
4 0.6575 0.9304861111111112 0.0980555555555556 0.13902777777777758
4 0.7089236111111111 0.9390277777777778 0.0981481481481481 0.1219444444444445
4 0.8562615740740741 0.49670138888888893 0.07895833333333328 0.11944444444444428
4 0.9435532407407408 0.5326041666666667 0.08518518518518511 0.11687499999999992
4 0.9045833333333334 0.5166319444444445 0.08835648148148181 0.12340277777777775
4 0.8156944444444445 0.4852777777777778 0.09155092592592595 0.13305555555555557
4 0.5445833333333333 0.7801388888888889 0.053611111111111144 0.07034722222222207
4 0.4697222222222222 0.7547222222222223 0.05043981481481481 0.06381944444444443
4 0.39641203703703703 0.7310069444444445 0.04724537037037031 0.054166666666666786
4 0.3636921296296296 0.7155902777777777 0.047268518518518474 0.05729166666666678
4 0.2950925925925926 0.6891666666666667 0.047361111111111145 0.06979166666666661
4 0.7956481481481481 0.8696874999999998 0.06298611111111115 0.07118055555555572
4 0.6849074074074074 0.8332638888888889 0.053611111111111144 0.07034722222222207