1 0.5439814814814815 0.46296296296296297 0.1302083333333334 0.12152777777777786
0 0.2803240740740741 0.13420138888888888 0.1677083333333333 0.12430555555555553
0 0.1955439814814815 0.18541666666666667 0.16122685185185182 0.1207175925925926
0 0.3355902777777778 0.22997685185185185 0.1672453703703704 0.11805555555555554
6 0.340625 0.8223958333333334 0.18425925925925934 0.13796296296296298
6 0.26817129629629627 0.7253472222222223 0.23888888888888893 0.12025462962962959
6 0.4605902777777778 0.8685763888888889 0.15763888888888894 0.11423611111111107
6 0.7309606481481481 0.8684027777777779 0.17418981481481488 0.12789351851851832
1 0.45567129629629627 0.4455439814814815 0.12395833333333339 0.12106481481481488
1 0.37494212962962964 0.42557870370370365 0.12395833333333331 0.12106481481481488
1 0.29832175925925924 0.39814814814814814 0.12395833333333339 0.12106481481481479
1 0.20978009259259262 0.37760416666666663 0.12395833333333331 0.12106481481481479