0 0.5636805555555556 0.5833912037037037 0.0624305555555555 0.10488425925925923
0 0.9050694444444446 0.513888888888889 0.059120370370370524 0.09854166666666657
0 0.8336574074074076 0.5273842592592592 0.09092592592592581 0.11821759259259253
0 0.41943287037037036 0.6150231481481482 0.0651851851851852 0.09247685185185191
0 0.2581365740740741 0.6508333333333333 0.06840277777777777 0.09569444444444457
0 0.1885300925925926 0.9338136574074074 0.08523148148148149 0.1323726851851852
0 0.23967592592592593 0.9234837962962963 0.10113425925925927 0.1466203703703705
0 0.29679398148148145 0.9017592592592593 0.09810185185185186 0.14965277777777786
4 0.44265046296296295 0.871736111111111 0.09837962962962958 0.15902777777777785
4 0.8012268518518519 0.8027430555555555 0.1017824074074074 0.16849537037037052
4 0.8475925925925927 0.7869444444444443 0.09847222222222207 0.16215277777777787
4 0.9020949074074075 0.7823148148148148 0.09884259259259238 0.17465277777777785
4 0.7874189814814815 0.28403935185185186 0.07833333333333332 0.11472222222222221
4 0.8775347222222223 0.269537037037037 0.08439814814814817 0.10865740740740737
4 0.8387037037037036 0.2761921296296296 0.08770833333333314 0.11500000000000003
4 0.748726851851852 0.29538194444444443 0.09111111111111114 0.12446759259259262
4 0.6733101851851852 0.7006018518518518 0.051851851851851906 0.0639814814814816
4 0.5988194444444443 0.7155671296296295 0.04854166666666657 0.05763888888888893
4 0.5275462962962963 0.73375 0.045231481481481595 0.051296296296296263
4 0.4917476851851852 0.7373726851851852 0.04844907407407408 0.05451388888888893
4 0.4218518518518518 0.7493518518518518 0.048819444444444395 0.06701388888888893
4 0.9246759259259261 0.6487268518518519 0.06122685185185191 0.06425925925925924
4 0.8145717592592593 0.6735648148148148 0.051851851851851906 0.0639814814814816