1 0.47607638888888887 0.4203935185185186 0.11974537037037045 0.10081018518518511
0 0.23403935185185185 0.3748842592592593 0.17416666666666672 0.11370370370370378
0 0.18546296296296297 0.46351851851851855 0.16479166666666667 0.11363425925925927
0 0.32225694444444447 0.44267361111111114 0.1651157407407407 0.11675925925925927
6 0.8487847222222221 0.7322916666666667 0.2506712962962965 0.0986574074074074
6 0.7874421296296296 0.8333217592592593 0.15821759259259274 0.11046296296296276
6 0.5304282407407408 0.7939467592592593 0.15768518518518526 0.13543981481481496
6 0.36820601851851853 0.8255324074074075 0.1979861111111111 0.13261574074074076
1 0.5683680555555556 0.40702546296296294 0.11974537037037045 0.10081018518518511
1 0.658611111111111 0.38895833333333335 0.11974537037037045 0.10081018518518511
1 0.7449768518518519 0.3786689814814815 0.11909722222222215 0.09456018518518512
1 0.8338194444444446 0.36215277777777777 0.11909722222222215 0.09456018518518512