1 0.46045138888888887 0.4338657407407407 0.10402777777777779 0.09581018518518505
0 0.22458333333333336 0.35304398148148153 0.1574305555555556 0.10481481481481474
0 0.1626388888888889 0.4324537037037037 0.14805555555555555 0.10432870370370377
0 0.30291666666666667 0.43193287037037037 0.14833333333333334 0.1105787037037036
6 0.7819791666666667 0.7934953703703704 0.2406944444444445 0.08418981481481484
6 0.7048958333333333 0.8830324074074074 0.1418055555555556 0.10400462962962961
6 0.45197916666666665 0.8044444444444444 0.13680555555555554 0.13180555555555565
6 0.28555555555555556 0.812962962962963 0.1801388888888889 0.12469907407407418
1 0.5555555555555556 0.4341203703703703 0.10402777777777779 0.09581018518518522
1 0.6489583333333333 0.43116898148148153 0.10402777777777779 0.09581018518518522
1 0.7363888888888889 0.4341435185185185 0.10374999999999997 0.08956018518518523
1 0.8282291666666666 0.4311111111111111 0.10375000000000015 0.08956018518518523