0 0.4703125 0.5765625 0.0390625 0.096875
0 0.1171875 0.575 0.0375 0.0921875
0 0.190625 0.575 0.0671875 0.103125
0 0.61875 0.578125 0.0453125 0.0828125
0 0.7859375 0.58125 0.046875 0.0859375
0 0.928125 0.84375 0.053125 0.1265625
0 0.8734375 0.8421875 0.06875 0.1328125
0 0.8125 0.83125 0.0640625 0.1375
4 0.6609375 0.83125 0.0625 0.1453125
4 0.2921875 0.834375 0.0640625 0.15625
4 0.2421875 0.8296875 0.0609375 0.15
4 0.1875 0.8359375 0.0578125 0.1640625
4 0.1734375 0.3296875 0.053125 0.103125
4 0.08125 0.334375 0.0609375 0.0953125
4 0.121875 0.3328125 0.0640625 0.1015625
4 0.2140625 0.3328125 0.0640625 0.1109375
4 0.3921875 0.7109375 0.0390625 0.05625
4 0.46875 0.7109375 0.0375 0.05
4 0.54375 0.7140625 0.0359375 0.0421875
4 0.5796875 0.7109375 0.0375 0.0453125
4 0.6515625 0.709375 0.0328125 0.059375
4 0.13125 0.7109375 0.05 0.053125
4 0.2453125 0.7125 0.0390625 0.05625