0 0.9277083333333334 0.2992708333333334 0.14458333333333329 0.27854166666666663
1 0.17131944444444444 0.126875 0.1404861111111111 0.14354166666666668
0 0.3684722222222222 0.08229166666666668 0.14319444444444446 0.125
2 0.9086111111111113 0.586875 0.18277777777777757 0.3595833333333335
2 0.8026041666666666 0.5917708333333334 0.1648611111111112 0.25749999999999995
2 0.7675347222222222 0.4880208333333333 0.09312500000000004 0.11854166666666668
2 0.7028125 0.45406250000000004 0.09944444444444436 0.12208333333333332
0 0.4290972222222222 0.49354166666666666 0.1542361111111111 0.20062499999999997
6 0.6153819444444444 0.5215624999999999 0.2053472222222222 0.11354166666666679
6 0.29781250000000004 0.9044791666666667 0.1440277777777778 0.1625
1 0.27361111111111114 0.16645833333333332 0.1404861111111111 0.14354166666666668