4 0.5125 0.329224537037037 0.084375 0.2
4 0.5546875 0.321412037037037 0.078125 0.19328703703703703
4 0.5953125 0.30590277777777775 0.075 0.18993055555555555
4 0.6421875 0.2977430555555555 0.084375 0.19375
4 0.6859375 0.2820023148148148 0.0875 0.2033564814814815
4 0.5390625 0.46944444444444444 0.059375 0.12314814814814809
4 0.578125 0.45717592592592593 0.0625 0.13587962962962957
4 0.6125 0.4452546296296296 0.065625 0.12986111111111107
4 0.653125 0.4328703703703704 0.059375 0.1293981481481481
4 0.6953125 0.4203703703703704 0.05625 0.11979166666666678
4 0.575 0.6574074074074074 0.05625 0.10104166666666678
4 0.5859375 0.7347222222222222 0.053125 0.11331018518518512
4 0.6203125 0.724363425925926 0.053125 0.10393518518518512
4 0.6078125 0.6377893518518519 0.059375 0.1262731481481481
4 0.6421875 0.6196180555555555 0.05625 0.1354166666666668
4 0.6578125 0.7153356481481481 0.053125 0.10081018518518511
4 0.69375 0.7017361111111111 0.053125 0.10393518518518512
4 0.678125 0.6107060185185185 0.05625 0.1354166666666666
4 0.7265625 0.6899305555555555 0.053125 0.11018518518518512
4 0.715625 0.5938657407407407 0.059375 0.1200231481481481
4 0.6140625 0.8795138888888889 0.05 0.10682870370370381
4 0.64375 0.8679398148148149 0.05 0.10370370370370381
4 0.6734375 0.8579282407407408 0.046875 0.10347222222222215
4 0.70625 0.8476851851851851 0.040625 0.09988425925925952
4 0.7375 0.8313078703703705 0.046875 0.09409722222222214
5 0.075 0.6413194444444444 0.11875 0.2181712962962962
5 0.1296875 0.6075810185185185 0.109375 0.2174768518518519
5 0.0390625 0.5267939814814815 0.078125 0.09641203703703702
5 0.19375 0.6200231481481481 0.1125 0.23333333333333323
5 0.25625 0.5966435185185185 0.1125 0.23645833333333338
5 0.3296875 0.6021412037037037 0.096875 0.24155092592592595
5 0.384375 0.6012152777777777 0.1 0.21678240740740745
5 0.446875 0.5887731481481481 0.1125 0.2458333333333332
5 0.4140625 0.3912037037037037 0.075 0.10868055555555553
5 0.365625 0.44791666666666663 0.05625 0.05729166666666678
5 0.3078125 0.47094907407407405 0.059375 0.051273148148148096
5 0.5078125 0.8655092592592591 0.090625 0.20046296296296298
5 0.4484375 0.8761574074074074 0.115625 0.18981481481481488
5 0.3859375 0.896412037037037 0.109375 0.1581018518518519
5 0.29375 0.9001157407407409 0.11875 0.1650462962962962
5 0.203125 0.9005787037037039 0.13125 0.17847222222222214
4 0.55625 0.1072337962962963 0.0625 0.13275462962962964
4 0.659375 0.1230324074074074 0.040625 0.08113425925925925
4 0.6828125 0.11660879629629628 0.0375 0.07465277777777776