2 0.675 0.78125 0.025 0.0875
2 0.6734375 0.6875 0.028125 0.1
2 0.6515625 0.6921875 0.021875 0.0921875
2 0.6546875 0.784375 0.021875 0.0875
2 0.6390625 0.5 0.01875 0.0828125
2 0.6390625 0.4171875 0.021875 0.0921875
2 0.6390625 0.3296875 0.015625 0.0828125
2 0.621875 0.4109375 0.015625 0.0890625
2 0.621875 0.328125 0.0140625 0.0875
4 0.61875 0.5 0.0234375 0.1
4 0.665625 0.36875 0.0203125 0.115625
4 0.6828125 0.3671875 0.015625 0.11875
4 0.6984375 0.36875 0.015625 0.1171875
4 0.7109375 0.3703125 0.0140625 0.109375
4 0.6578125 0.48125 0.0140625 0.1109375
4 0.6703125 0.478125 0.0171875 0.1109375
4 0.684375 0.4796875 0.015625 0.1125
4 0.703125 0.4796875 0.021875 0.103125
4 0.7265625 0.4765625 0.0203125 0.1