2 0.7440740740740741 0.4716666666666667 0.1323611111111111 0.13916666666666658
2 0.6519444444444444 0.4810416666666667 0.1292361111111111 0.13895833333333343
2 0.561863425925926 0.49520833333333325 0.13418981481481485 0.12687500000000007
4 0.4853587962962963 0.505625 0.09884259259259257 0.11520833333333336
0 0.5984837962962963 0.21989583333333332 0.1244907407407407 0.12312500000000001
0 0.5185300925925926 0.22697916666666665 0.11543981481481484 0.12562499999999996
0 0.4234375 0.23770833333333333 0.12266203703703696 0.13541666666666669
0 0.3470949074074074 0.2496875 0.10983796296296297 0.13145833333333332
0 0.2801273148148148 0.2622916666666667 0.10261574074074069 0.12166666666666667
0 0.2208101851851852 0.2738541666666666 0.10574074074074077 0.121875
0 0.12259259259259259 0.284375 0.11576388888888892 0.12874999999999998
0 0.1658564814814815 0.28260416666666666 0.06726851851851849 0.10999999999999996
0 0.4915277777777778 0.8194791666666668 0.1343055555555555 0.15791666666666657
0 0.5712152777777778 0.8247916666666667 0.12773148148148153 0.15437499999999993
0 0.6631828703703704 0.8138541666666667 0.12935185185185177 0.16999999999999993
0 0.7526736111111111 0.8089583333333333 0.13937500000000008 0.17687500000000006
0 0.844537037037037 0.8119791666666666 0.13129629629629633 0.18874999999999992
4 0.34859953703703705 0.6532291666666666 0.13990740740740737 0.1520833333333334
2 0.5012384259259259 0.6587500000000001 0.1374305555555555 0.15812500000000007
2 0.5982175925925926 0.6512499999999999 0.13807870370370381 0.16437500000000008
2 0.6970833333333333 0.6469791666666667 0.1474537037037038 0.16500000000000004
2 0.7306250000000001 0.34197916666666667 0.07997685185185191 0.08291666666666667
2 0.6231944444444444 0.35343749999999996 0.11877314814814817 0.09791666666666661
2 0.511724537037037 0.3708333333333333 0.10907407407407402 0.09416666666666665
2 0.3886689814814815 0.38125 0.1340740740740741 0.0958333333333334
2 0.28706018518518517 0.4039583333333333 0.14474537037037036 0.10895833333333335
2 0.16168981481481484 0.4219791666666667 0.14162037037037037 0.10875000000000004
2 0.7932523148148148 0.6316666666666666 0.12935185185185194 0.16999999999999993