5 0.5137731481481481 0.5625694444444445 0.0674768518518519 0.22138888888888886
5 0.6607638888888889 0.6143402777777778 0.12106481481481488 0.23625000000000007
5 0.8252893518518519 0.6762499999999999 0.12222222222222215 0.26750000000000007
5 0.7378472222222222 0.6318055555555555 0.09780092592592596 0.28201388888888895
5 0.6015625 0.15309027777777778 0.078125 0.2561805555555555
5 0.5361111111111111 0.15486111111111112 0.10011574074074084 0.2602777777777778
5 0.4328703703703704 0.18927083333333333 0.07719907407407404 0.23118055555555556
5 0.383449074074074 0.2026736111111111 0.05092592592592595 0.19569444444444448
5 0.48171296296296295 0.16024305555555557 0.06134259259259256 0.22423611111111108
5 0.9450231481481481 0.7080902777777778 0.09490740740740762 0.28812499999999996
5 0.8969907407407408 0.12722222222222224 0.14398148148148165 0.18111111111111114
5 0.7802083333333333 0.13295138888888888 0.11620370370370363 0.1892361111111111
5 0.6788773148148148 0.13468750000000002 0.12025462962962977 0.21437500000000004
5 0.3023148148148148 0.7497222222222222 0.036226851851851906 0.13576388888888893
5 0.4405671296296297 0.8603819444444444 0.04976851851851851 0.16444444444444456
5 0.6042824074074075 0.9289930555555556 0.08425925925925917 0.14201388888888894