5 0.4884490740740741 0.5141203703703703 0.0987268518518519 0.257175925925926
5 0.4167939814814815 0.5491319444444445 0.10173611111111107 0.24178240740740745
5 0.35278935185185184 0.5616898148148148 0.0674074074074074 0.24548611111111107
5 0.2652777777777778 0.5666087962962962 0.10490740740740741 0.24826388888888892
5 0.1812152777777778 0.6150462962962964 0.12699074074074074 0.2780092592592592
5 0.10944444444444446 0.6344328703703704 0.09534722222222225 0.2225694444444443
5 0.05193287037037038 0.6793402777777777 0.0955324074074074 0.24756944444444445
5 0.47710648148148155 0.882349537037037 0.08560185185185176 0.171875
5 0.4147453703703704 0.9057291666666668 0.08217592592592596 0.13101851851851834
5 0.3289467592592593 0.9308449074074072 0.0943518518518518 0.08819444444444428
4 0.6003356481481481 0.21192129629629627 0.04192129629629626 0.17800925925925926
4 0.6409606481481481 0.20891203703703703 0.05150462962962958 0.2068287037037037
4 0.6845717592592593 0.18692129629629628 0.0483564814814816 0.20347222222222222
4 0.7219560185185185 0.1685185185185185 0.04837962962962976 0.20659722222222224
4 0.7640509259259259 0.1528935185185185 0.04835648148148142 0.20347222222222222
4 0.6046296296296296 0.36950231481481477 0.03847222222222228 0.13402777777777786
4 0.637349537037037 0.35457175925925927 0.04150462962962962 0.12175925925925934
4 0.6732638888888889 0.3487847222222222 0.03849537037037045 0.13715277777777776
4 0.7106134259259258 0.3256944444444444 0.04789351851851862 0.14097222222222222
4 0.7479629629629629 0.3026041666666667 0.047824074074074116 0.13159722222222223
4 0.7293055555555555 0.5275462962962963 0.044884259259259277 0.15636574074074083
4 0.6934490740740741 0.5411458333333334 0.04194444444444443 0.18113425925925916
4 0.6623726851851852 0.5668981481481481 0.04805555555555561 0.16284722222222214
4 0.6282523148148148 0.6038194444444445 0.04486111111111111 0.15324074074074084
4 0.5893287037037037 0.625462962962963 0.041597222222222285 0.13425925925925916
4 0.7270717592592593 0.6480902777777777 0.03187500000000014 0.08668981481481489
4 0.6912847222222223 0.6710648148148148 0.04124999999999997 0.08738425925925916
4 0.653900462962963 0.6894675925925926 0.05701388888888896 0.10729166666666679
4 0.6165162037037037 0.7078703703703704 0.03833333333333329 0.11527777777777785
4 0.5854166666666666 0.7304976851851851 0.038125000000000145 0.08715277777777786