2 0.6213194444444444 0.3939814814814815 0.08472222222222214 0.11215277777777768
2 0.4322222222222222 0.4182291666666666 0.08416666666666668 0.10590277777777786
2 0.4955902777777778 0.40804398148148147 0.0844444444444445 0.10902777777777768
2 0.6956249999999999 0.3833912037037037 0.10687499999999997 0.11608796296296298
2 0.9218055555555555 0.3530671296296296 0.10430555555555543 0.12222222222222223
2 0.8674652777777778 0.18263888888888888 0.12131944444444435 0.13842592592592595
2 0.947795138888889 0.17337962962962963 0.104409722222222 0.13159722222222223
2 0.6465277777777778 0.21903935185185186 0.10798611111111107 0.128587962962963
2 0.5044444444444445 0.2431134259259259 0.09152777777777779 0.11863425925925926
2 0.3774305555555556 0.26035879629629627 0.09833333333333334 0.12511574074074075
2 0.23506944444444447 0.28130787037037036 0.0949305555555556 0.121875
2 0.5048611111111111 0.529976851851852 0.1094444444444445 0.1099537037037038
2 0.33423611111111107 0.5504050925925925 0.09638888888888886 0.10324074074074083