2 0.5358680555555555 0.40065972222222224 0.038125000000000145 0.08520833333333329
2 0.5489236111111111 0.47538194444444437 0.03180555555555564 0.07569444444444429
2 0.5196180555555555 0.3166319444444444 0.03502314814814813 0.08826388888888888
2 0.5868055555555556 0.7370833333333333 0.034930555555555645 0.07576388888888878
2 0.5721180555555556 0.6530208333333334 0.03499999999999996 0.08513888888888896
2 0.5502083333333333 0.6488194444444444 0.04444444444444447 0.09472222222222229
2 0.5633101851851852 0.7297916666666666 0.034930555555555645 0.07576388888888896
4 0.3829398148148148 0.43062500000000004 0.022314814814814808 0.05986111111111114
4 0.3735763888888889 0.43239583333333337 0.022337962962962976 0.06298611111111115
4 0.3871296296296296 0.36333333333333334 0.031736111111111145 0.06631944444444446
4 0.3923263888888889 0.4319791666666667 0.025532407407407386 0.07243055555555564
4 0.3943402777777778 0.49288194444444444 0.022314814814814808 0.05986111111111114
4 0.3833912037037037 0.4915625 0.022314814814814808 0.05986111111111114
4 0.4052777777777778 0.4926388888888889 0.019166666666666644 0.05666666666666664
4 0.37307870370370366 0.3652083333333333 0.025486111111111143 0.06618055555555555
4 0.36062500000000003 0.3717361111111111 0.022314814814814808 0.05986111111111114
2 0.5037847222222223 0.07788194444444445 0.03819444444444446 0.09458333333333332
2 0.5183912037037037 0.15100694444444446 0.03814814814814813 0.08833333333333333
2 0.5208680555555556 0.06343750000000001 0.0349768518518518 0.0820138888888889
2 0.49081018518518515 0.01972222222222222 0.03162037037037031 0.03944444444444444
2 0.507962962962963 0.014826388888888889 0.02842592592592581 0.029652777777777778