4 0.5453125 0.371875 0.096875 0.159375
4 0.4359375 0.365625 0.1078125 0.16875
4 0.6671875 0.371875 0.0875 0.159375
4 0.7796875 0.378125 0.1 0.1546875
4 0.734375 0.5640625 0.1203125 0.140625
4 0.6234375 0.5578125 0.1 0.14375
4 0.525 0.55625 0.115625 0.153125
4 0.4203125 0.55625 0.0953125 0.1578125
0 0.2984375 0.553125 0.109375 0.153125
0 0.2984375 0.71875 0.1140625 0.14375
0 0.0453125 0.7234375 0.0890625 0.14375
4 0.4421875 0.171875 0.0828125 0.0796875
4 0.43125 0.23125 0.078125 0.065625
4 0.3515625 0.1578125 0.1 0.0828125
4 0.346875 0.2265625 0.1 0.065625
4 0.2703125 0.153125 0.0625 0.0765625
4 0.2734375 0.2234375 0.0640625 0.065625
4 0.5359375 0.25 0.134375 0.0296875
4 0.69375 0.1890625 0.0765625 0.065625
4 0.7921875 0.1875 0.0859375 0.0703125
4 0.8265625 0.25 0.1625 0.0390625
4 0.7046875 0.2421875 0.0828125 0.05
4 0.609375 0.7203125 0.0875 0.134375
4 0.703125 0.71875 0.109375 0.125
4 0.503125 0.7203125 0.090625 0.1125
4 0.4046875 0.725 0.1015625 0.1265625
0 0.2921875 0.371875 0.1234375 0.1515625