5 0.5105324074074075 0.5858333333333333 0.14331018518518518 0.2666898148148148
5 0.4368287037037037 0.6015972222222222 0.1394444444444444 0.2539351851851851
5 0.37267361111111114 0.5948148148148148 0.1081944444444444 0.25138888888888894
5 0.28452546296296294 0.5767476851851852 0.14587962962962964 0.2575694444444444
5 0.1988773148148148 0.6008680555555556 0.1729166666666667 0.2939814814814815
5 0.12424768518518518 0.6010069444444445 0.13189814814814813 0.231550925925926
5 0.08087962962962962 0.6301273148148148 0.10212962962962964 0.2540046296296296
5 0.47429398148148144 0.9275231481481481 0.11331018518518512 0.14495370370370395
5 0.41087962962962965 0.9406655092592594 0.10465277777777775 0.11866898148148124
5 0.32228009259259255 0.9509722222222223 0.10849537037037038 0.09805555555555542
4 0.6441435185185185 0.3214930555555555 0.07305555555555543 0.18321759259259257
4 0.6850462962962963 0.3294907407407407 0.08722222222222217 0.21236111111111108
4 0.7295254629629631 0.31912037037037033 0.08391203703703702 0.20898148148148143
4 0.7679398148148148 0.31136574074074075 0.08409722222222218 0.21210648148148153
4 0.8097569444444443 0.3085532407407407 0.08078703703703702 0.20872685185185186
4 0.6363078703703703 0.4779050925925926 0.061087962962962906 0.1387037037037036
4 0.6701273148148148 0.47133101851851844 0.06034722222222229 0.1262037037037036
4 0.7061574074074073 0.4758217592592592 0.06439814814814823 0.14208333333333342
4 0.7442013888888889 0.4618171296296296 0.07083333333333339 0.14571759259259257
4 0.7839930555555557 0.45106481481481475 0.07046296296296291 0.13946759259259273
4 0.7500810185185186 0.6659953703703704 0.07175925925925916 0.16134259259259257
4 0.7130439814814815 0.6707523148148148 0.07324074074074076 0.18634259259259256
4 0.68125 0.6852662037037037 0.07525462962962966 0.1678472222222222
4 0.6424768518518519 0.7132060185185185 0.07157407407407419 0.15821759259259274
4 0.6042476851851852 0.7240856481481481 0.0642129629629629 0.13895833333333343
4 0.7383680555555555 0.7832175925925926 0.045810185185185225 0.09081018518518533
4 0.7018865740740741 0.797349537037037 0.055185185185185226 0.09157407407407411
4 0.6619097222222222 0.8049768518518519 0.07192129629629633 0.11159722222222221
4 0.6249652777777778 0.8112962962962962 0.05685185185185197 0.11969907407407412
4 0.5916087962962963 0.8256828703703704 0.05206018518518522 0.09131944444444429