4 0.35943287037037036 0.36846064814814816 0.054629629629629674 0.29537037037037034
4 0.3987847222222222 0.37482638888888886 0.04907407407407405 0.31388888888888883
4 0.44103009259259257 0.37482638888888886 0.04513888888888893 0.2918981481481482
4 0.4840856481481481 0.39670138888888895 0.058333333333333216 0.31111111111111106
4 0.6574074074074074 0.3871527777777778 0.04849537037037024 0.29826388888888894
4 0.7405092592592593 0.39189814814814816 0.047800925925925955 0.27951388888888884
4 0.7620370370370371 0.719675925925926 0.06597222222222214 0.2645833333333332
4 0.6868055555555556 0.7162037037037037 0.05671296296296298 0.26736111111111105
4 0.5337962962962963 0.725 0.060416666666666785 0.2831018518518519
4 0.4481481481481481 0.7359953703703704 0.05717592592592595 0.27986111111111106
4 0.5988425925925925 0.11550925925925926 0.032638888888888926 0.12291666666666665
4 0.6207175925925925 0.11469907407407406 0.03518518518518512 0.1074074074074074
4 0.5643518518518519 0.1136574074074074 0.035069444444444285 0.10428240740740743
4 0.5345486111111111 0.11163194444444444 0.03194444444444429 0.10416666666666666
4 0.506712962962963 0.12048611111111111 0.03530092592592595 0.1105324074074074
4 0.47835648148148147 0.11527777777777777 0.03518518518518512 0.10740740740740744