4 0.5421875 0.3734375 0.0421875 0.190625
4 0.584375 0.378125 0.0390625 0.1828125
4 0.6265625 0.375 0.034375 0.1796875
4 0.6734375 0.38125 0.04375 0.1828125
4 0.71875 0.378125 0.046875 0.1921875
4 0.5359375 0.5171875 0.0328125 0.115625
4 0.5765625 0.5171875 0.0359375 0.125
4 0.6125 0.515625 0.0390625 0.11875
4 0.653125 0.515625 0.034375 0.1203125
4 0.696875 0.5171875 0.03125 0.1125
4 0.528125 0.7125 0.0359375 0.0921875
4 0.521875 0.790625 0.03125 0.10625
4 0.55625 0.790625 0.0328125 0.0953125
4 0.5640625 0.703125 0.0328125 0.1171875
4 0.6015625 0.6953125 0.0265625 0.128125
4 0.59375 0.7921875 0.034375 0.0921875
4 0.63125 0.790625 0.034375 0.09375
4 0.6375 0.696875 0.0296875 0.1265625
4 0.665625 0.7890625 0.03125 0.1015625
4 0.6765625 0.6921875 0.034375 0.1109375
4 0.515625 0.9390625 0.028125 0.0984375
4 0.546875 0.9375 0.028125 0.0953125
4 0.5765625 0.9359375 0.025 0.096875
4 0.6109375 0.9359375 0.01875 0.0953125
4 0.6453125 0.9296875 0.0265625 0.0875
5 0.053125 0.546875 0.075 0.1984375
5 0.1125 0.53125 0.0671875 0.1984375
5 0.0375 0.4234375 0.075 0.0765625
5 0.171875 0.5625 0.0640625 0.2171875
5 0.2359375 0.5578125 0.0640625 0.21875
5 0.30625 0.584375 0.046875 0.2296875
5 0.3578125 0.6 0.05625 0.2015625
5 0.4203125 0.60625 0.0609375 0.23125
5 0.434375 0.4046875 0.05625 0.0921875
5 0.375 0.4453125 0.046875 0.0421875
5 0.3140625 0.45 0.0515625 0.0375
5 0.415625 0.9 0.0453125 0.2
5 0.3546875 0.9015625 0.071875 0.196875
5 0.2890625 0.9078125 0.0703125 0.1796875
5 0.2 0.8875 0.0796875 0.1875
5 0.1109375 0.8625 0.0875 0.2015625
4 0.634375 0.1703125 0.034375 0.1234375
4 0.7296875 0.215625 0.025 0.075
4 0.753125 0.2171875 0.021875 0.0703125