2 0.5806481481481482 0.3875925925925926 0.036250000000000074 0.08583333333333343
2 0.5942708333333333 0.4638310185185185 0.031921296296296295 0.07317129629629626
2 0.5678356481481481 0.30346064814814816 0.03312500000000007 0.08567129629629626
2 0.627662037037037 0.7290509259259259 0.03534722222222229 0.07645833333333343
2 0.6146990740740741 0.6433564814814815 0.035949074074074085 0.08270833333333343
2 0.5922222222222222 0.6382407407407407 0.04310185185185187 0.09240740740740741
2 0.6047337962962963 0.7192476851851852 0.03534722222222229 0.07645833333333343
4 0.4285763888888889 0.4064699074074074 0.021342592592592524 0.06018518518518512
4 0.4192013888888889 0.40695601851851854 0.021643518518518513 0.06331018518518512
4 0.4330439814814815 0.33871527777777777 0.03101851851851851 0.06379629629629627
4 0.4382523148148148 0.40910879629629626 0.025671296296296296 0.07284722222222229
4 0.4378703703703703 0.47037037037037044 0.021342592592592524 0.06018518518518512
4 0.4266319444444445 0.46781249999999996 0.021342592592592524 0.06018518518518512
4 0.4488078703703703 0.4698032407407407 0.017916666666666713 0.05689814814814831
4 0.4191319444444444 0.34100694444444446 0.0250694444444445 0.0665972222222222
4 0.4070833333333333 0.3463425925925926 0.021342592592592524 0.06018518518518512
2 0.5556018518518518 0.062268518518518515 0.03685185185185187 0.09208333333333334
2 0.567511574074074 0.13702546296296297 0.03655092592592588 0.08895833333333333
2 0.5715856481481482 0.04887731481481481 0.03282407407407408 0.08254629629629631
2 0.5430324074074073 0.011307870370370367 0.02981481481481474 0.022615740740740735
2 0.5599189814814814 0.007696759259259259 0.02608796296296294 0.015393518518518518