5 0.7978125 0.8519791666666666 0.0750694444444445 0.12645833333333342
5 0.7349884259259258 0.8415625 0.0723148148148148 0.07333333333333343
5 0.9901041666666668 0.851875 0.01979166666666643 0.17166666666666686
5 0.9564583333333333 0.8485416666666665 0.04495370370370359 0.14624999999999985
5 0.2995486111111111 0.7019791666666666 0.07831018518518515 0.18895833333333342
5 0.3630439814814815 0.6953125 0.07437500000000004 0.17312499999999992
5 0.4300925925925926 0.6670833333333334 0.07502314814814817 0.18562499999999993
5 0.22361111111111112 0.7389583333333334 0.10351851851851857 0.13458333333333333
5 0.16197916666666667 0.36114583333333333 0.0970601851851852 0.19020833333333337
5 0.09756944444444444 0.3802083333333333 0.0626851851851852 0.18791666666666665
5 0.45337962962962963 0.33541666666666664 0.08768518518518516 0.1895833333333333
5 0.5382986111111111 0.38156249999999997 0.1117592592592592 0.11333333333333329
5 0.23902777777777778 0.375625 0.09393518518518515 0.19000000000000003
5 0.28421296296296295 0.2260416666666667 0.058680555555555534 0.05062499999999996
5 0.21724537037037037 0.25583333333333336 0.08168981481481481 0.07395833333333339
5 0.3128125 0.3571875 0.07486111111111118 0.18250000000000002