2 0.4150347222222222 0.40861111111111115 0.08951388888888889 0.12312499999999993
2 0.5992361111111111 0.35302083333333334 0.08923611111111107 0.11687499999999992
2 0.5372222222222222 0.36951388888888886 0.09250000000000007 0.12027777777777775
2 0.34065972222222224 0.4293402777777778 0.11479166666666671 0.1315972222222223
2 0.11930555555555555 0.4960763888888889 0.11180555555555553 0.1344444444444445
2 0.09739583333333333 0.3207638888888889 0.1282638888888889 0.15458333333333335
2 0.043472222222222225 0.3428125 0.06222222222222222 0.13937499999999997
2 0.31760416666666663 0.2635416666666667 0.11534722222222218 0.14409722222222224
2 0.4603125 0.22732638888888887 0.09916666666666671 0.1302083333333334
2 0.5841319444444444 0.18965277777777778 0.10569444444444435 0.1370138888888889
2 0.7250694444444445 0.1488888888888889 0.10256944444444435 0.1367361111111111
2 0.578298611111111 0.48194444444444445 0.11763888888888889 0.12562500000000015
2 0.7470138888888889 0.43086805555555563 0.10159722222222226 0.11486111111111122