5 0.5078125 0.540625 0.0515625 0.215625
5 0.3640625 0.590625 0.103125 0.228125
5 0.203125 0.6515625 0.103125 0.259375
5 0.2875 0.6078125 0.0765625 0.275
5 0.390625 0.128125 0.059375 0.25625
5 0.45625 0.1328125 0.08125 0.253125
5 0.5625 0.1671875 0.059375 0.225
5 0.6125 0.18125 0.0375 0.19375
5 0.5109375 0.1390625 0.0453125 0.221875
5 0.0859375 0.68125 0.075 0.28125
5 0.090625 0.0953125 0.13125 0.1828125
5 0.209375 0.1078125 0.1046875 0.1796875
5 0.3109375 0.1078125 0.10625 0.2140625
5 0.7328125 0.7296875 0.0265625 0.1328125
5 0.603125 0.8390625 0.0390625 0.1625
5 0.44375 0.91875 0.071875 0.1625