4 0.45243055555555556 0.3324652777777778 0.11999999999999993 0.1770833333333334
4 0.5615277777777777 0.3306134259259259 0.13291666666666657 0.18738425925925925
4 0.3311111111111111 0.3289930555555555 0.11062499999999993 0.17638888888888893
4 0.21881944444444446 0.3326388888888889 0.1229861111111111 0.1741898148148148
4 0.23697916666666666 0.5197337962962963 0.14118055555555556 0.1630787037037038
4 0.3476388888888889 0.5177662037037036 0.12243055555555564 0.16168981481481487
4 0.44416666666666665 0.5184027777777779 0.1386111111111111 0.17534722222222215
4 0.5483680555555556 0.5215856481481481 0.11986111111111111 0.17395833333333321
0 0.6698263888888889 0.5219328703703704 0.1322222222222223 0.17175925925925917
0 0.6452777777777777 0.6888310185185185 0.13506944444444446 0.16574074074074083
0 0.893888888888889 0.7015625 0.10993055555555528 0.16076388888888893
4 0.584201388888889 0.13582175925925927 0.09451388888888879 0.09421296296296297
4 0.5861805555555556 0.19641203703703702 0.0875694444444445 0.078125
4 0.6750347222222223 0.12442129629629628 0.11354166666666679 0.10185185185185186
4 0.6704166666666667 0.19328703703703703 0.10958333333333332 0.08287037037037037
4 0.756076388888889 0.12309027777777777 0.07236111111111114 0.08634259259259261
4 0.7436458333333333 0.1925347222222222 0.0750694444444445 0.07719907407407409
4 0.47965277777777776 0.2105324074074074 0.13944444444444457 0.05393518518518521
4 0.3314930555555556 0.14519675925925926 0.0875694444444445 0.078125
4 0.23510416666666667 0.14143518518518516 0.09722222222222224 0.08506944444444446
4 0.19190972222222222 0.20225694444444448 0.16812500000000002 0.0685185185185185
4 0.31357638888888884 0.19791666666666666 0.09013888888888885 0.06585648148148149
4 0.33729166666666666 0.6804976851851852 0.10638888888888882 0.15115740740740743
4 0.2440277777777778 0.6765046296296295 0.12784722222222228 0.14340277777777785
4 0.4414930555555555 0.6836805555555555 0.10854166666666672 0.12951388888888893
4 0.539236111111111 0.6920138888888889 0.121736111111111 0.14606481481481487
0 0.7028125 0.3403935185185185 0.14472222222222228 0.1726851851851851