4 0.634375 0.5703125 0.034375 0.1328125
4 0.603125 0.5515625 0.0328125 0.1609375
4 0.5390625 0.425 0.0296875 0.15625
4 0.4125 0.4421875 0.0359375 0.103125
4 0.478125 0.559375 0.03125 0.1359375
4 0.50625 0.428125 0.0359375 0.1515625
4 0.446875 0.4359375 0.0375 0.1359375
4 0.53125 0.8859375 0.0328125 0.1546875
4 0.496875 0.8953125 0.0421875 0.171875
4 0.5921875 0.89375 0.03125 0.15625
4 0.8984375 0.5484375 0.0359375 0.14375
4 0.9390625 0.5640625 0.040625 0.1421875
4 0.9328125 0.428125 0.0484375 0.140625
4 0.7953125 0.525 0.0359375 0.125
4 0.8640625 0.5328125 0.0390625 0.1359375
4 0.8046875 0.8875 0.0375 0.1515625
4 0.640625 0.0953125 0.0265625 0.1234375
4 0.671875 0.096875 0.0296875 0.1296875
4 0.703125 0.0953125 0.0296875 0.1359375
4 0.7375 0.0921875 0.03125 0.125
4 0.76875 0.0953125 0.025 0.13125
4 0.796875 0.090625 0.0296875 0.128125
4 0.8296875 0.09375 0.028125 0.128125
4 0.8609375 0.0921875 0.028125 0.1328125