5 0.3125 0.5046875 0.0640625 0.2359375
5 0.234375 0.4875 0.0875 0.2015625
5 0.11875 0.4875 0.0640625 0.2234375
5 0.2453125 0.903125 0.0796875 0.1921875
4 0.446875 0.2875 0.0484375 0.203125
4 0.490625 0.2796875 0.05 0.196875
4 0.5359375 0.28125 0.046875 0.196875
4 0.58125 0.2765625 0.0453125 0.2109375
4 0.628125 0.2765625 0.05 0.2
4 0.6265625 0.434375 0.0484375 0.128125
4 0.5828125 0.4390625 0.05625 0.13125
4 0.5328125 0.4328125 0.0484375 0.1328125
4 0.4921875 0.4375 0.04375 0.1375
4 0.6203125 0.6890625 0.0421875 0.1703125
4 0.5765625 0.6828125 0.040625 0.1828125
4 0.5359375 0.678125 0.040625 0.1890625
4 0.496875 0.68125 0.0453125 0.1734375
4 0.453125 0.684375 0.04375 0.1640625
4 0.45 0.81875 0.0484375 0.125
4 0.490625 0.81875 0.040625 0.128125
4 0.5296875 0.81875 0.0453125 0.1296875
4 0.5734375 0.8203125 0.0421875 0.1125
4 0.615625 0.8171875 0.0375 0.109375
4 0.446875 0.4359375 0.0421875 0.146875
5 0.3140625 0.9015625 0.046875 0.196875
5 0.078125 0.890625 0.0765625 0.1875
5 0.0546875 0.46875 0.0703125 0.2015625