4 0.3098842592592593 0.7703240740740741 0.14967592592592593 0.3803009259259259
4 0.3645138888888889 0.7773263888888888 0.14349537037037036 0.3895833333333334
4 0.4362962962962963 0.7887615740740741 0.14342592592592585 0.38020833333333337
4 0.4925462962962963 0.7879282407407407 0.14979166666666668 0.3959259259259259
4 0.5534722222222221 0.788587962962963 0.15300925925925918 0.40847222222222224
4 0.6096759259259259 0.7940046296296297 0.14666666666666667 0.3958796296296295
4 0.6768981481481482 0.7883217592592592 0.15611111111111117 0.40539351851851857
4 0.7424884259259259 0.792037037037037 0.16854166666666667 0.3962037037037037
4 0.8004166666666667 0.7755555555555556 0.131111111111111 0.40502314814814805
4 0.8378472222222222 0.784375 0.1530092592592595 0.40847222222222224
4 0.8942824074074075 0.7585416666666667 0.1212962962962962 0.34550925925925924
4 0.969675925925926 0.28247685185185184 0.057777777777777574 0.20708333333333337
4 0.9400810185185187 0.27041666666666664 0.1079398148148151 0.22969907407407408
4 0.7947685185185185 0.2725694444444445 0.09833333333333343 0.19831018518518517
4 0.894814814814815 0.26483796296296297 0.09835648148148124 0.20143518518518516
4 0.7497337962962962 0.4466550925925926 0.09192129629629626 0.1763425925925926
4 0.8403819444444445 0.4421875 0.07930555555555543 0.16053240740740743
4 0.6249652777777778 0.4172569444444445 0.07305555555555543 0.16043981481481495
4 0.5308796296296296 0.2530439814814815 0.08888888888888893 0.18879629629629627
4 0.3715277777777778 0.2522800925925926 0.06997685185185194 0.16664351851851852
4 0.3899421296296296 0.08959490740740741 0.08261574074074077 0.17918981481481483
4 0.4336574074074074 0.09400462962962963 0.09518518518518526 0.18800925925925926
4 0.3390740740740741 0.4152430555555555 0.07636574074074076 0.1854861111111111
4 0.3797337962962963 0.4099537037037037 0.07622685185185185 0.1667361111111111
4 0.40755787037037033 0.2392476851851852 0.08263888888888893 0.18870370370370368
4 0.45113425925925926 0.262037037037037 0.08268518518518526 0.19495370370370377
4 0.45622685185185186 0.4181944444444444 0.07622685185185177 0.1667361111111111
4 0.42348379629629634 0.4093055555555555 0.07939814814814809 0.17303240740740727
4 0.4854861111111111 0.26465277777777774 0.08590277777777774 0.20750000000000002
4 0.47586805555555556 0.09053240740740741 0.08576388888888893 0.18106481481481482
4 0.5164814814814814 0.09179398148148148 0.08578703703703709 0.18358796296296295