5 0.4859375 0.55 0.0890625 0.246875
5 0.415625 0.5828125 0.090625 0.23125
5 0.3515625 0.5921875 0.05625 0.2375
5 0.2640625 0.59375 0.0953125 0.2359375
5 0.18125 0.6390625 0.1171875 0.265625
5 0.109375 0.65625 0.0859375 0.2125
5 0.0484375 0.7 0.09375 0.2359375
5 0.4859375 0.91875 0.0796875 0.1625
5 0.4234375 0.9390625 0.078125 0.121875
5 0.3375 0.9609375 0.0921875 0.078125
4 0.590625 0.253125 0.034375 0.175
4 0.63125 0.2515625 0.04375 0.203125
4 0.6734375 0.23125 0.040625 0.1984375
4 0.7109375 0.2140625 0.040625 0.203125
4 0.7515625 0.2 0.0390625 0.1984375
4 0.5984375 0.4109375 0.034375 0.1296875
4 0.63125 0.396875 0.0359375 0.1171875
4 0.6671875 0.3921875 0.034375 0.1328125
4 0.703125 0.3703125 0.0421875 0.1359375
4 0.740625 0.35 0.0421875 0.128125
4 0.728125 0.5734375 0.0375 0.153125
4 0.6921875 0.5859375 0.034375 0.1765625
4 0.6625 0.609375 0.040625 0.1578125
4 0.628125 0.6453125 0.0390625 0.1484375
4 0.590625 0.665625 0.0375 0.1296875
4 0.728125 0.69375 0.028125 0.0828125
4 0.69375 0.715625 0.0390625 0.0828125
4 0.65625 0.7328125 0.0515625 0.1
4 0.6203125 0.7484375 0.0328125 0.1109375
4 0.5890625 0.7703125 0.034375 0.084375