2 0.43157407407407405 0.8063194444444445 0.04310185185185187 0.09138888888888878
2 0.4147337962962963 0.7123958333333333 0.04743055555555564 0.10395833333333329
2 0.4367592592592592 0.7144444444444444 0.04027777777777786 0.09444444444444429
2 0.4534490740740741 0.8068055555555557 0.03997685185185187 0.09131944444444429
2 0.4104398148148148 0.5220833333333333 0.036250000000000074 0.08499999999999996
2 0.39480324074074075 0.44065972222222227 0.040277777777777767 0.09444444444444447
2 0.37700231481481483 0.3529513888888889 0.03312499999999998 0.08493055555555555
2 0.409525462962963 0.4316319444444444 0.03372685185185187 0.09118055555555564
2 0.3938888888888889 0.35020833333333334 0.03030092592592588 0.08798611111111114
4 0.43060185185185185 0.5209722222222222 0.04430555555555564 0.10388888888888878
4 0.3591898148148148 0.3946527777777778 0.04238425925925924 0.11631944444444446
4 0.34200231481481486 0.39427083333333335 0.039560185185185226 0.11937500000000005
4 0.32667824074074076 0.3970486111111111 0.039560185185185226 0.11937500000000005
4 0.31447916666666664 0.39989583333333334 0.03553240740740744 0.10993055555555546
4 0.38862268518518517 0.5060069444444444 0.03583333333333325 0.11305555555555565
4 0.37582175925925926 0.5026041666666666 0.03895833333333334 0.11312500000000014
4 0.3620601851851852 0.5054166666666667 0.03895833333333334 0.11312500000000014
4 0.3436111111111111 0.5081249999999999 0.04148148148148145 0.10694444444444447
4 0.32002314814814814 0.5060416666666667 0.041180555555555554 0.10381944444444446