3 0.8554050925925927 0.6483796296296296 0.09414351851851847 0.24421296296296297
3 0.782337962962963 0.6179398148148147 0.09409722222222214 0.24108796296296298
3 0.679675925925926 0.579050925925926 0.0781944444444445 0.22118055555555555
3 0.7123958333333333 0.5877314814814815 0.07814814814814816 0.21805555555555553
3 0.6469791666666667 0.5688078703703704 0.08141203703703699 0.22766203703703702
3 0.5879513888888889 0.5409722222222222 0.07175925925925916 0.20821759259259257
3 0.5288541666666667 0.517824074074074 0.06835648148148152 0.18923611111111108
3 0.4214583333333334 0.48171296296296295 0.0651851851851852 0.1858796296296296
3 0.3484837962962963 0.4450231481481482 0.0587037037037037 0.16979166666666662
3 0.295474537037037 0.433275462962963 0.06206018518518519 0.1856481481481481
3 0.2206828703703704 0.4136574074074074 0.06513888888888886 0.18275462962962957
3 0.13828703703703704 0.3793981481481482 0.05856481481481479 0.1604166666666666
3 0.08366898148148147 0.3706597222222222 0.05833333333333335 0.1447916666666666
3 0.11170138888888888 0.37899305555555557 0.058379629629629635 0.1479166666666667
3 0.3277083333333334 0.05243055555555556 0.08208333333333329 0.062268518518518515
3 0.3242361111111111 0.07563657407407408 0.08245370370370378 0.08726851851851854
3 0.2806712962962963 0.059895833333333336 0.03837962962962962 0.06215277777777779
3 0.29050925925925924 0.029340277777777778 0.03773148148148149 0.01840277777777778
3 0.26707175925925924 0.027604166666666673 0.04085648148148149 0.018634259259259257
3 0.2556481481481482 0.05960648148148149 0.04486111111111111 0.07824074074074075
3 0.4770833333333334 0.10572916666666668 0.04481481481481495 0.07511574074074075
3 0.5036689814814814 0.10613425925925926 0.047939814814814775 0.07534722222222223
3 0.530162037037037 0.11278935185185186 0.04481481481481477 0.07511574074074075
3 0.4022800925925926 0.19247685185185187 0.05530092592592588 0.1508101851851852
3 0.3507175925925926 0.18865740740740738 0.0555787037037037 0.1695601851851852
3 0.19182870370370372 0.14403935185185185 0.048865740740740723 0.13784722222222223
3 0.2322916666666667 0.1579861111111111 0.05842592592592588 0.15104166666666669
3 0.2805208333333334 0.17563657407407407 0.05553240740740737 0.16643518518518516
3 0.3701851851851852 0.7751157407407407 0.07189814814814817 0.21759259259259256
3 0.31118055555555557 0.7457175925925925 0.0656944444444445 0.22025462962962977
3 0.2864351851851852 0.7266782407407407 0.06537037037037034 0.19837962962962957
3 0.23517361111111112 0.7025462962962964 0.06233796296296301 0.2043981481481481
3 0.12339120370370371 0.645775462962963 0.06206018518518519 0.1856481481481481
3 0.03207175925925926 0.6045717592592592 0.06414351851851852 0.16400462962962958