4 0.5631134259259258 0.32510416666666664 0.05675925925925931 0.1947916666666666
4 0.6056250000000001 0.32760416666666664 0.053310185185185335 0.18826388888888887
4 0.6476504629629629 0.3207291666666666 0.04689814814814817 0.18458333333333332
4 0.6949305555555556 0.32437499999999997 0.05643518518518533 0.1885416666666667
4 0.7400810185185185 0.31722222222222224 0.0600462962962963 0.19819444444444442
4 0.5627546296296296 0.469548611111111 0.04037037037037035 0.1186805555555555
4 0.6034606481481481 0.46749999999999997 0.04398148148148149 0.12833333333333333
4 0.6393171296296296 0.46274305555555556 0.046782407407407335 0.12236111111111114
4 0.6800231481481481 0.4606944444444444 0.0438194444444445 0.1252083333333333
4 0.7238541666666667 0.45836805555555554 0.04020833333333336 0.1155555555555555
4 0.5619444444444445 0.6658333333333333 0.04236111111111107 0.09708333333333333
4 0.5581828703703703 0.7446527777777778 0.03988425925925938 0.1093055555555555
4 0.5926388888888889 0.7431597222222223 0.03939814814814824 0.0999305555555555
4 0.5974768518518518 0.6548263888888888 0.040532407407407336 0.1218055555555555
4 0.6345717592592592 0.6436805555555555 0.034768518518518476 0.13062499999999985
4 0.6302199074074075 0.7413888888888889 0.04236111111111107 0.09708333333333333
4 0.6676388888888889 0.7364930555555556 0.04236111111111107 0.09708333333333333
4 0.6706712962962963 0.6436111111111111 0.03789351851851848 0.13090277777777787
4 0.7020138888888889 0.7334375 0.039722222222222214 0.1061805555555555
4 0.7094907407407407 0.6354513888888889 0.043333333333333356 0.11583333333333332
4 0.5565046296296297 0.8939236111111111 0.03643518518518505 0.10277777777777786
4 0.587673611111111 0.8895833333333332 0.036273148148148235 0.09965277777777785
4 0.617361111111111 0.8869444444444443 0.03314814814814824 0.09937499999999985
4 0.6517361111111111 0.8838888888888888 0.026898148148148237 0.09881944444444457
4 0.6858680555555555 0.8761458333333334 0.032662037037037094 0.08999999999999986
5 0.08107638888888888 0.5343402777777777 0.08849537037037036 0.20694444444444446
5 0.13972222222222222 0.515 0.08224537037037036 0.206388888888889
5 0.060613425925925925 0.41215277777777776 0.07905092592592593 0.08479166666666664
5 0.19915509259259262 0.5411111111111111 0.0800925925925926 0.224861111111111
5 0.26305555555555554 0.5322916666666666 0.08009259259259256 0.224861111111111
5 0.3348263888888889 0.5541666666666667 0.061990740740740694 0.23569444444444443
5 0.3871990740740741 0.5652083333333333 0.06990740740740745 0.20840277777777771
5 0.45010416666666664 0.5674652777777778 0.0776157407407407 0.23708333333333337
5 0.4568402777777777 0.364375 0.06423611111111108 0.0990277777777778
5 0.39957175925925925 0.4102777777777778 0.049143518518518545 0.04791666666666661
5 0.33879629629629626 0.4188194444444444 0.05506944444444439 0.04222222222222225
5 0.4559606481481481 0.8620486111111111 0.06037037037037045 0.20444444444444443
5 0.3950231481481482 0.8674652777777778 0.08520833333333329 0.20354166666666665
5 0.3281597222222222 0.8796875 0.08439814814814817 0.18791666666666665
5 0.23952546296296298 0.8655902777777778 0.09409722222222223 0.19499999999999992
5 0.14908564814814815 0.8469444444444445 0.10115740740740739 0.21118055555555557
4 0.6496180555555555 0.11649305555555556 0.04398148148148149 0.12833333333333333
4 0.7457986111111111 0.15503472222222223 0.028888888888888787 0.07722222222222222
4 0.7693171296296296 0.1545138888888889 0.0256018518518518 0.07381944444444448