4 0.4838773148148148 0.3475578703703704 0.0671064814814816 0.20097222222222227
4 0.5714699074074074 0.35876157407407405 0.06377314814814809 0.17280092592592594
4 0.5292013888888889 0.3484490740740741 0.054606481481481596 0.20078703703703696
4 0.6183796296296297 0.3627546296296297 0.0639814814814816 0.20092592592592595
4 0.6021064814814815 0.6974074074074075 0.05430555555555561 0.16016203703703696
5 0.3867939814814815 0.5318287037037037 0.0893518518518519 0.25129629629629624
5 0.3209722222222222 0.5062384259259259 0.09844907407407408 0.21393518518518526
5 0.24878472222222223 0.4651157407407407 0.08268518518518517 0.1949537037037036
5 0.20811342592592594 0.45946759259259257 0.07020833333333334 0.1978935185185186
5 0.1658449074074074 0.4491550925925926 0.07331018518518517 0.19481481481481477
5 0.38436342592592593 0.8365856481481482 0.08608796296296291 0.23249999999999993
5 0.3326388888888889 0.8154745370370371 0.07976851851851849 0.22303240740740726
5 0.2054398148148148 0.7314120370370369 0.09520833333333334 0.19826388888888893