2 0.3703125 0.640625 0.0625 0.28125
2 0.321875 0.6390625 0.0546875 0.2671875
2 0.225 0.6234375 0.0453125 0.25625
2 0.178125 0.625 0.0421875 0.24375
2 0.140625 0.6015625 0.040625 0.2453125
4 0.128125 0.1984375 0.0375 0.28125
4 0.1640625 0.190625 0.034375 0.2703125
4 0.1953125 0.203125 0.0328125 0.2953125
4 0.2328125 0.2 0.034375 0.3109375
4 0.2734375 0.184375 0.040625 0.3140625
4 0.3546875 0.1921875 0.04375 0.284375
4 0.3921875 0.1953125 0.0484375 0.3171875
2 0.65625 0.1859375 0.071875 0.3703125
2 0.7 0.703125 0.0453125 0.30625
2 0.7484375 0.7 0.046875 0.3171875
2 0.5453125 0.6109375 0.0859375 0.45