3 0.7545601851851853 0.5521874999999999 0.12981481481481474 0.29416666666666663
3 0.7078472222222223 0.5475 0.12884259259259245 0.28479166666666667
3 0.6634490740740742 0.5508333333333333 0.12884259259259245 0.28479166666666667
3 0.508275462962963 0.5452083333333333 0.11018518518518512 0.22458333333333336
3 0.544537037037037 0.5444791666666667 0.09800925925925927 0.22687500000000008
3 0.3571412037037037 0.5461458333333333 0.07062499999999998 0.17229166666666665
3 0.3763773148148148 0.5427083333333333 0.07569444444444437 0.19124999999999998
3 0.3984143518518518 0.5426041666666667 0.08291666666666675 0.20104166666666679
3 0.4220138888888888 0.5426041666666667 0.08421296296296284 0.2135416666666668
3 0.445775462962963 0.5410416666666666 0.08766203703703716 0.21687499999999993
3 0.4721759259259259 0.5443749999999999 0.08766203703703698 0.21687499999999993
3 0.3363425925925926 0.5494791666666667 0.07062499999999998 0.17229166666666665
3 0.3160300925925926 0.548125 0.06685185185185186 0.16583333333333333
3 0.29884259259259255 0.5469791666666667 0.06652777777777778 0.16270833333333332
3 0.28305555555555556 0.5475 0.06340277777777778 0.1625
3 0.26775462962962965 0.5433333333333333 0.06307870370370364 0.159375
3 0.25180555555555556 0.5454166666666667 0.0593055555555555 0.15291666666666667
3 0.23774305555555558 0.5444791666666667 0.05553240740740737 0.14645833333333336
3 0.22384259259259257 0.5419791666666667 0.05208333333333339 0.14312500000000003
3 0.2125810185185185 0.5443749999999999 0.05208333333333339 0.14312499999999986
3 0.2016435185185185 0.5436458333333334 0.05456018518518526 0.13708333333333336
3 0.1891435185185185 0.5428124999999999 0.05111111111111111 0.13374999999999987
3 0.1782060185185185 0.5420833333333334 0.05111111111111111 0.13375000000000004
3 0.1485185185185185 0.5401041666666667 0.06706018518518517 0.13791666666666663
3 0.16899305555555555 0.5398958333333332 0.047986111111111104 0.13354166666666673
3 0.11204861111111111 0.7248958333333333 0.05768518518518517 0.13729166666666667
3 0.13386574074074073 0.7420833333333333 0.05111111111111111 0.13375000000000004
3 0.14480324074074075 0.7428125000000001 0.05111111111111111 0.13375000000000004
3 0.15837962962962962 0.7484375 0.055208333333333345 0.14333333333333337
3 0.17804398148148148 0.7560416666666667 0.05930555555555554 0.1529166666666665
3 0.1905439814814815 0.756875 0.05930555555555554 0.15291666666666687
3 0.32657407407407407 0.8257291666666667 0.08506944444444446 0.19187499999999993
3 0.3027083333333333 0.813125 0.0722453703703704 0.18791666666666665
3 0.2892939814814815 0.8059375 0.06782407407407405 0.17520833333333313
3 0.3598148148148148 0.8389583333333335 0.08291666666666657 0.20104166666666642
3 0.38416666666666666 0.846875 0.08766203703703698 0.21687499999999993
3 0.4099189814814815 0.8564583333333333 0.08895833333333325 0.22937499999999994
3 0.4341087962962963 0.8659375 0.09143518518518512 0.22333333333333344
3 0.46875 0.8808333333333334 0.10490740740740741 0.2335416666666667
3 0.506412037037037 0.8786979166666666 0.10027777777777765 0.24260416666666665
3 0.5349652777777777 0.8852083333333333 0.09715277777777764 0.22958333333333342
3 0.5649768518518519 0.8821875 0.10437499999999993 0.23562499999999992
3 0.6019907407407408 0.8904687499999999 0.10243055555555554 0.21906250000000008
3 0.6380902777777777 0.8947916666666667 0.10081018518518511 0.21041666666666678
3 0.6752662037037037 0.9016666666666666 0.08981481481481488 0.19666666666666685
3 0.7107175925925926 0.9097916666666667 0.09412037037037031 0.18041666666666673
3 0.010613425925925924 0.8748958333333334 0.021226851851851847 0.03979166666666671
3 0.023379629629629622 0.866875 0.03578703703703704 0.04583333333333357
3 0.054456018518518515 0.70375 0.042592592592592605 0.11145833333333321
3 0.03199074074074073 0.6928124999999999 0.045393518518518514 0.10854166666666672
3 0.0023437499999999943 0.6742708333333333 0.0046874999999999886 0.07645833333333343
3 0.011782407407407405 0.390625 0.02356481481481481 0.08604166666666675
3 0.016631944444444442 0.38656250000000003 0.033263888888888885 0.08291666666666667
3 0.004328703703703701 0.2972916666666666 0.008657407407407402 0.03541666666666661
3 0.00761574074074074 0.2945833333333333 0.01523148148148148 0.035416666666666693
3 0.016145833333333328 0.28427083333333336 0.022314814814814815 0.03562500000000002
3 0.004971064814814813 0.32885416666666667 0.009942129629629625 0.0322916666666667
3 0.008645833333333328 0.32625000000000004 0.016064814814814816 0.035208333333333286
3 0.018668981481481477 0.320625 0.018865740740740745 0.03229166666666661
3 0.002135416666666665 0.40062499999999995 0.00427083333333333 0.06687499999999993
3 0.29997685185185186 0.11125 0.04085648148148149 0.06479166666666666
3 0.28305555555555556 0.12270833333333334 0.03773148148148149 0.06458333333333335
3 0.30723379629629627 0.1778125 0.033958333333333354 0.05812499999999998
3 0.2923611111111111 0.1846875 0.037407407407407424 0.06145833333333335
3 0.2738773148148148 0.19604166666666667 0.037407407407407424 0.0614583333333333
3 0.26737268518518514 0.13739583333333333 0.04020833333333336 0.05854166666666667
3 0.25061342592592595 0.14729166666666665 0.03708333333333336 0.05833333333333335
3 0.25711805555555556 0.20593750000000002 0.03708333333333336 0.05833333333333339
3 0.23417824074074076 0.1540625 0.04020833333333336 0.058541666666666624
3 0.23960648148148148 0.20791666666666667 0.037407407407407424 0.0614583333333333
3 0.22613425925925928 0.21645833333333334 0.03708333333333336 0.058333333333333307
3 0.2205439814814815 0.16416666666666666 0.03708333333333336 0.058333333333333307
3 0.21126157407407406 0.22333333333333333 0.033958333333333354 0.05812499999999998
3 0.20427083333333332 0.169375 0.033958333333333354 0.05812499999999998
3 0.19144675925925925 0.1716666666666667 0.03050925925925929 0.05479166666666666
3 0.19967592592592592 0.22885416666666666 0.033958333333333354 0.05812499999999998
3 0.1882523148148148 0.2328125 0.030509259259259246 0.05479166666666666
3 0.179375 0.181875 0.030185185185185183 0.05166666666666666
3 0.17494212962962963 0.23979166666666668 0.030509259259259246 0.05479166666666666
3 0.16746527777777778 0.19052083333333333 0.033634259259259246 0.05499999999999998
3 0.16319444444444445 0.246875 0.030509259259259246 0.05479166666666666
3 0.1557175925925926 0.19760416666666666 0.030185185185185183 0.05166666666666666
3 0.11187499999999999 0.34729166666666667 0.05574074074074078 0.11854166666666668
3 0.09748842592592592 0.3494791666666667 0.04194444444444443 0.1052083333333333
3 0.10181712962962963 0.27739583333333334 0.04203703703703705 0.046250000000000034
3 0.08193287037037036 0.28708333333333336 0.022962962962962963 0.041874999999999926
3 0.0828587962962963 0.2478125 0.032337962962962964 0.04249999999999998
3 0.08072916666666666 0.359375 0.03784722222222221 0.09562500000000007
3 0.3253935185185185 0.16958333333333334 0.04527777777777775 0.07750000000000004
3 0.3437152777777778 0.15979166666666667 0.04527777777777775 0.07749999999999999
3 0.36500000000000005 0.15177083333333333 0.05152777777777775 0.07791666666666668
3 0.3900578703703704 0.13770833333333332 0.05120370370370377 0.07479166666666667
3 0.41215277777777776 0.121875 0.05087962962962962 0.07166666666666668
3 0.48700231481481476 0.0828125 0.04743055555555564 0.06833333333333336
3 0.5122222222222221 0.0671875 0.050555555555555645 0.06854166666666668
3 0.5380324074074074 0.06104166666666666 0.04893518518518523 0.05291666666666668
3 0.5669675925925926 0.05510416666666666 0.04731481481481481 0.03729166666666668
3 0.5990277777777777 0.049375 0.039444444444444574 0.02124999999999999
3 0.33797453703703706 0.2758333333333333 0.06081018518518526 0.1375
3 0.37569444444444444 0.26104166666666667 0.06717592592592592 0.16895833333333332
3 0.3991898148148148 0.246875 0.06717592592592592 0.16895833333333332
3 0.420150462962963 0.2419791666666667 0.07127314814814803 0.17854166666666665
3 0.44332175925925926 0.23093750000000002 0.08162037037037032 0.1885416666666666
3 0.47182870370370367 0.21395833333333333 0.08259259259259259 0.1979166666666666
3 0.5305092592592592 0.19427083333333334 0.10016203703703716 0.2177083333333333
3 0.5646180555555556 0.18395833333333333 0.10113425925925927 0.22708333333333336
3 0.5985648148148147 0.17520833333333335 0.10145833333333343 0.23020833333333335
3 0.6366087962962963 0.15729166666666666 0.10803240740740741 0.23374999999999999
3 0.6749189814814814 0.15197916666666667 0.11266203703703717 0.21854166666666663
3 0.9199189814814815 0.5506249999999999 0.09340277777777786 0.3320833333333333
3 0.5085185185185186 0.22427083333333334 0.09703703703703717 0.21749999999999997