5 0.3491898148148148 0.5277199074074075 0.09259259259259256 0.24527777777777793
5 0.27100694444444445 0.49790509259259264 0.11215277777777785 0.2162962962962963
5 0.15491898148148148 0.47966435185185186 0.0916666666666667 0.23277777777777775
5 0.29085648148148147 0.9046296296296298 0.10520833333333339 0.1907407407407405
4 0.4788773148148149 0.33185185185185184 0.07465277777777786 0.21240740740740743
4 0.5222800925925926 0.3317013888888889 0.07418981481481488 0.20615740740740734
4 0.5678240740740741 0.339525462962963 0.07106481481481489 0.20583333333333337
4 0.6130208333333333 0.34266203703703707 0.07199074074074083 0.21833333333333335
4 0.6600115740740741 0.3490856481481482 0.0744212962962962 0.20928240740740742
4 0.662326388888889 0.5059259259259259 0.06597222222222214 0.13708333333333336
4 0.6188078703703704 0.5045138888888889 0.07245370370370381 0.1408564814814815
4 0.568113425925926 0.4899537037037037 0.0662037037037038 0.14020833333333335
4 0.5277199074074075 0.48886574074074074 0.060416666666666785 0.14581018518518524
4 0.6624421296296297 0.7586689814814815 0.06273148148148149 0.17706018518518524
4 0.6179976851851852 0.7447569444444444 0.06365740740740744 0.18956018518518522
4 0.5769097222222223 0.7342939814814815 0.06412037037037041 0.19581018518518523
4 0.537962962962963 0.7318055555555556 0.06608796296296297 0.1805092592592592
4 0.49421296296296297 0.7272685185185186 0.06539351851851852 0.17113425925925937
4 0.4932291666666666 0.8605092592592593 0.06574074074074084 0.13395833333333335
4 0.5339699074074075 0.8662847222222222 0.056597222222222146 0.13611111111111107
4 0.5732638888888889 0.8734606481481482 0.06284722222222214 0.13675925925925939
4 0.6172453703703704 0.8811226851851852 0.05543981481481488 0.12048611111111143
4 0.6594328703703705 0.8854976851851852 0.05208333333333322 0.11703703703703709
4 0.48206018518518523 0.4794791666666667 0.061111111111111074 0.15518518518518523
5 0.3597222222222222 0.9090856481481481 0.07106481481481479 0.1818287037037038
5 0.12216435185185186 0.8747453703703704 0.10162037037037037 0.1996990740740742
5 0.08923611111111111 0.45114583333333336 0.09652777777777777 0.21467592592592588