2 0.7109375 0.4640625 0.1 0.1140625
2 0.615625 0.4625 0.0953125 0.115625
2 0.521875 0.4640625 0.1046875 0.1015625
4 0.4421875 0.465625 0.06875 0.0984375
0 0.6390625 0.2015625 0.09375 0.1
0 0.55625 0.1984375 0.0859375 0.1046875
0 0.459375 0.196875 0.0890625 0.1125
0 0.378125 0.2 0.078125 0.1109375
0 0.3078125 0.203125 0.071875 0.103125
0 0.2453125 0.20625 0.0765625 0.1015625
0 0.14375 0.2046875 0.084375 0.10625
0 0.1875 0.2078125 0.0390625 0.1015625
0 0.3546875 0.76875 0.09375 0.134375
0 0.434375 0.784375 0.0890625 0.1328125
0 0.528125 0.7859375 0.084375 0.15
0 0.6203125 0.7921875 0.0953125 0.1546875
0 0.7109375 0.80625 0.0828125 0.16875
4 0.2609375 0.590625 0.1015625 0.1265625
2 0.4125 0.615625 0.0984375 0.1328125
2 0.5109375 0.6203125 0.0953125 0.140625
2 0.6125 0.628125 0.10625 0.1375
2 0.7359375 0.3375 0.0609375 0.0671875
2 0.625 0.334375 0.096875 0.0734375
2 0.5078125 0.3375 0.0875 0.071875
2 0.38125 0.3328125 0.115625 0.0671875
2 0.2734375 0.340625 0.121875 0.078125
2 0.1421875 0.3421875 0.1171875 0.0796875
2 0.7125 0.625 0.0859375 0.1484375