2 0.6644097222222223 0.47859953703703706 0.13793981481481482 0.1408564814814815
2 0.5744791666666667 0.45994212962962966 0.1348148148148148 0.1406944444444445
2 0.4843981481481482 0.4428472222222222 0.137037037037037 0.13148148148148148
4 0.40792824074074074 0.4297106481481482 0.10145833333333325 0.11719907407407408
0 0.6843402777777777 0.2070486111111111 0.12706018518518505 0.12474537037037034
0 0.6069097222222222 0.18774305555555557 0.12111111111111121 0.12754629629629627
0 0.5155671296296296 0.16760416666666667 0.125138888888889 0.1370833333333333
0 0.4373842592592593 0.1561111111111111 0.11516203703703702 0.13034722222222223
0 0.36998842592592596 0.1456134259259259 0.10518518518518523 0.12361111111111112
0 0.3086921296296296 0.13635416666666667 0.11113425925925924 0.12081018518518519
0 0.2128125 0.11489583333333334 0.11828703703703702 0.13050925925925924
0 0.2536458333333333 0.12677083333333333 0.07303240740740743 0.11261574074074074
0 0.22393518518518518 0.7097685185185185 0.13974537037037038 0.15960648148148132
0 0.2940625 0.7403356481481481 0.1331944444444444 0.15615740740740733
0 0.38228009259259255 0.7606365740740741 0.13469907407407405 0.17178240740740752
0 0.46707175925925926 0.784224537037037 0.14780092592592595 0.17868055555555545
0 0.5495486111111111 0.8157060185185184 0.13962962962962955 0.19069444444444414
4 0.19586805555555556 0.516886574074074 0.1422685185185185 0.15351851851851847
2 0.33062500000000006 0.5705324074074074 0.14287037037037037 0.15976851851851848
2 0.4216666666666667 0.5937962962962964 0.14034722222222218 0.1658564814814815
2 0.5153819444444444 0.6215856481481481 0.1528472222222222 0.1665046296296296
2 0.7302314814814814 0.3601388888888889 0.08282407407407408 0.08513888888888896
2 0.6252777777777778 0.3360416666666667 0.12152777777777786 0.09958333333333336
2 0.5137731481481482 0.3153935185185185 0.11185185185185187 0.09597222222222221
2 0.39520833333333333 0.28733796296296293 0.13715277777777768 0.10039351851851848
2 0.29076388888888893 0.2740972222222222 0.14773148148148146 0.11337962962962962
2 0.1654976851851852 0.25105324074074076 0.1446064814814815 0.11321759259259263
2 0.611712962962963 0.6383564814814815 0.13469907407407417 0.17178240740740733