5 0.956857638888889 0.5131597222222222 0.08628472222222214 0.20856481481481487
5 0.9451041666666666 0.20098379629629629 0.09729166666666664 0.07768518518518519
5 0.9882638888888888 0.5053587962962963 0.02347222222222243 0.21729166666666658
5 0.38784722222222223 0.5413425925925927 0.1094444444444445 0.24946759259259252
5 0.3257291666666666 0.5613194444444444 0.08687500000000004 0.17087962962962955
5 0.2254861111111111 0.5380902777777777 0.0885416666666667 0.18962962962962954
5 0.39722222222222225 0.12085648148148147 0.1081944444444444 0.16527777777777777
5 0.33781249999999996 0.13623842592592592 0.08312500000000007 0.19881944444444444
5 0.26055555555555554 0.1261574074074074 0.1146527777777778 0.2028703703703704
5 0.17152777777777778 0.17650462962962962 0.07888888888888887 0.1862268518518518
5 0.7178125 0.8978587962962962 0.10979166666666665 0.2042824074074076
5 0.49295138888888895 0.8931481481481482 0.08562499999999992 0.2137037037037036
5 0.6390972222222222 0.9044675925925926 0.11208333333333335 0.1910648148148148
5 0.35510416666666667 0.9223611111111112 0.0738194444444444 0.1552777777777777
5 0.20440972222222223 0.912326388888889 0.07520833333333332 0.17534722222222215
5 0.1515277777777778 0.582650462962963 0.09618055555555553 0.20543981481481488
5 0.08600694444444444 0.5994097222222222 0.07604166666666667 0.18925925925925924