2 0.9001273148148148 0.41248842592592594 0.04472222222222229 0.13254629629629627
2 0.8772685185185185 0.28032407407407406 0.050995370370370455 0.1358564814814814
2 0.8720370370370372 0.4180092592592593 0.05104166666666643 0.14210648148148142
2 0.8507291666666668 0.2842361111111111 0.047847222222222284 0.13263888888888892
2 0.8242129629629631 0.29127314814814814 0.044699074074073766 0.12942129629629626
2 0.8407986111111111 0.42049768518518515 0.04787037037037045 0.13576388888888893
2 0.7446643518518519 0.3123842592592593 0.044652777777777784 0.12317129629629626
2 0.7212615740740741 0.31776620370370373 0.044652777777777784 0.12317129629629626
2 0.7627430555555555 0.43218750000000006 0.047824074074074116 0.12951388888888893
2 0.7377546296296297 0.43449074074074073 0.04472222222222229 0.13254629629629627
2 0.6728587962962963 0.3238888888888889 0.04150462962962962 0.11995370370370369
2 0.6877893518518519 0.44065972222222227 0.04157407407407412 0.12932870370370358
2 0.6244675925925927 0.3315740740740741 0.04152777777777779 0.12307870370370369
2 0.6409606481481481 0.4482986111111111 0.04150462962962962 0.11995370370370377
2 0.5870601851851852 0.34518518518518515 0.03835648148148145 0.11673611111111111
2 0.5972453703703703 0.45428240740740744 0.03831018518518512 0.1104861111111111
2 0.5417708333333333 0.34965277777777776 0.04148148148148145 0.11682870370370377
2 0.5230324074074074 0.3517708333333333 0.03833333333333329 0.11361111111111111
2 0.5535069444444445 0.4571412037037037 0.044629629629629616 0.12004629629629626
2 0.5316782407407408 0.46403935185185186 0.03837962962962962 0.11986111111111111
2 0.49026620370370366 0.35899305555555555 0.035208333333333286 0.11351851851851853
2 0.49418981481481483 0.46671296296296294 0.03518518518518512 0.11039351851851861
2 0.461400462962963 0.47081018518518525 0.03513888888888879 0.10414351851851862
2 0.43098379629629624 0.37325231481481486 0.03837962962962962 0.11986111111111111
2 0.39503472222222225 0.37275462962962963 0.03208333333333337 0.11342592592592596
2 0.42236111111111113 0.47509259259259257 0.03831018518518512 0.1104861111111111
2 0.40359953703703705 0.47408564814814813 0.03833333333333329 0.11361111111111111
2 0.3011342592592593 0.3552199074074074 0.02870370370370363 0.07895833333333328
2 0.32297453703703705 0.34988425925925926 0.03490740740740748 0.07289351851851852
2 0.33447916666666666 0.4261226851851852 0.03490740740740739 0.07289351851851844
2 0.344386574074074 0.49771990740740735 0.03807870370370363 0.0792361111111111
2 0.3818287037037037 0.4887962962962963 0.031782407407407474 0.07280092592592595
2 0.35790509259259257 0.42386574074074074 0.03805555555555555 0.0761111111111111
2 0.3480092592592593 0.3538310185185185 0.03495370370370363 0.07914351851851853
4 0.2767245370370371 0.4356481481481481 0.048379629629629585 0.20451388888888894
4 0.23390046296296294 0.13997685185185185 0.07043981481481483 0.23016203703703703
4 0.20429398148148148 0.1517939814814815 0.061134259259259235 0.23925925925925923
4 0.17932870370370368 0.1572222222222222 0.0611574074074074 0.24238425925925927
4 0.1948611111111111 0.7772106481481481 0.035231481481481454 0.11664351851851862
4 0.18077546296296296 0.7745023148148148 0.038425925925925905 0.12611111111111128
4 0.2532523148148148 0.43165509259259255 0.06726851851851859 0.22381944444444457
2 0.08422453703703703 0.1881712962962963 0.06412037037037037 0.22060185185185183
2 0.060856481481481484 0.19824074074074077 0.05789351851851852 0.22354166666666667
2 0.1295023148148148 0.1821412037037037 0.05782407407407408 0.21416666666666667
2 0.11079861111111111 0.18894675925925924 0.048402777777777795 0.20763888888888893
2 0.15439814814814815 0.16733796296296294 0.057939814814814826 0.22979166666666667
4 0.04922453703703704 0.3157986111111111 0.006273148148148144 0.0033101851851851547
4 0.03313657407407407 0.25376157407407407 0.04462962962962963 0.12004629629629626
4 0.012604166666666666 0.22467592592592595 0.023125 0.16939814814814813