5 0.6428125 0.7293055555555555 0.07722222222222222 0.05333333333333332
5 0.6569444444444444 0.6569444444444444 0.0375694444444445 0.07340277777777775
5 0.6174652777777778 0.6680555555555555 0.0408333333333335 0.07666666666666658
5 0.5734375 0.7464236111111111 0.05444444444444443 0.10222222222222221
5 0.5423611111111111 0.7088194444444444 0.056041666666666504 0.06798611111111104
5 0.7133333333333333 0.44079861111111107 0.08944444444444458 0.18798611111111113
5 0.5823263888888889 0.4060763888888889 0.10104166666666678 0.2384027777777778
5 0.6673611111111111 0.42256944444444444 0.07069444444444457 0.18715277777777786
5 0.8340277777777778 0.46194444444444444 0.08604166666666657 0.18159722222222213
5 0.7798263888888889 0.4534375 0.08902777777777775 0.17861111111111114
5 0.8964236111111111 0.4965972222222222 0.10243055555555572 0.12930555555555542
5 0.9391666666666666 0.4822222222222222 0.07972222222222243 0.10958333333333332
5 0.8887152777777778 0.7402083333333334 0.09631944444444471 0.13215277777777779
5 0.8068402777777777 0.7578819444444445 0.07631944444444443 0.1031944444444445
5 0.4061805555555556 0.6150694444444444 0.10333333333333332 0.07944444444444443
5 0.3311111111111111 0.6199652777777779 0.08326388888888889 0.11909722222222215
5 0.2913541666666667 0.5671527777777777 0.06479166666666662 0.12451388888888885
5 0.23954861111111114 0.6801736111111112 0.0499305555555555 0.07083333333333322
5 0.25006944444444446 0.5487152777777778 0.05236111111111112 0.055347222222222214
5 0.2317361111111111 0.6103472222222222 0.062152777777777765 0.06513888888888886
5 0.043159722222222224 0.6078125 0.08222222222222222 0.16583333333333333
5 0.14177083333333335 0.6346180555555556 0.06291666666666669 0.15250000000000002
5 0.09538194444444445 0.6257638888888889 0.07923611111111113 0.1688194444444445