6 0.359375 0.4359375 0.034375 0.09375
6 0.46875 0.403125 0.040625 0.0875
6 0.228125 0.3921875 0.05 0.0546875
6 0.0609375 0.459375 0.06875 0.19375
6 0.0921875 0.159375 0.05625 0.1765625
6 0.103125 0.921875 0.0421875 0.1390625
6 0.15 0.9265625 0.046875 0.1359375
6 0.115625 0.69375 0.0609375 0.175
6 0.0703125 0.709375 0.05625 0.1671875
6 0.4046875 0.690625 0.025 0.065625
6 0.50625 0.7046875 0.0265625 0.040625
6 0.565625 0.74375 0.01875 0.046875
6 0.3984375 0.4390625 0.0453125 0.1109375
6 0.2640625 0.2109375 0.04375 0.0828125
6 0.15625 0.165625 0.040625 0.0703125
6 0.2265625 0.240625 0.0421875 0.0828125
6 0.29375 0.2625 0.0421875 0.078125
6 0.3140625 0.1875 0.0359375 0.0703125
6 0.3359375 0.13125 0.04375 0.0859375