2 0.09260416666666667 0.5398958333333332 0.08708333333333332 0.1884722222222223
2 0.213125 0.6965509259259259 0.07687499999999999 0.1750694444444445
2 0.2628125 0.49834490740740733 0.07937499999999993 0.16599537037037032
2 0.23354166666666668 0.5074537037037037 0.07354166666666666 0.1716435185185185
2 0.33666666666666667 0.6390509259259259 0.07000000000000002 0.1650925925925925
2 0.3672916666666667 0.6266666666666667 0.06729166666666675 0.1710416666666667
2 0.3548958333333333 0.4643171296296297 0.06604166666666664 0.15229166666666671
2 0.4267708333333333 0.6225115740740741 0.057499999999999926 0.11731481481481473
2 0.43656249999999996 0.39197916666666666 0.06062499999999993 0.11761574074074073
2 0.48979166666666674 0.48277777777777775 0.05062500000000014 0.10733796296296294
2 0.48614583333333333 0.5932060185185184 0.057499999999999926 0.11731481481481473
2 0.06395833333333334 0.18097222222222223 0.10916666666666668 0.24027777777777776
2 0.11677083333333334 0.1711689814814815 0.09604166666666666 0.22969907407407408
4 0.46604166666666663 0.12451967592592592 0.10020833333333332 0.24903935185185183
4 0.5051041666666667 0.1217824074074074 0.096875 0.2435648148148148
4 0.5313541666666667 0.1182349537037037 0.1 0.2364699074074074
4 0.7393750000000001 0.1222222222222222 0.06687499999999993 0.16479166666666667
4 0.7548958333333333 0.09765046296296295 0.07229166666666664 0.1953009259259259
4 0.7732291666666666 0.09206018518518519 0.071875 0.18412037037037038
4 0.795 0.08616898148148149 0.0645833333333334 0.17233796296296297
4 0.8042708333333334 0.08137731481481483 0.051041666666666784 0.16016203703703705
4 0.9060416666666666 0.09831018518518518 0.07145833333333336 0.1869675925925926
4 0.9491666666666667 0.09066550925925926 0.071875 0.18133101851851852
4 0.8034375 0.8236921296296297 0.056458333333333145 0.14826388888888892