6 0.8185069444444444 0.4676967592592593 0.09333333333333335 0.2101388888888888
6 0.8790277777777777 0.46922453703703704 0.09166666666666679 0.19138888888888878
6 0.8448958333333334 0.17082175925925924 0.09729166666666664 0.2196759259259259
6 0.907986111111111 0.17843749999999997 0.10215277777777772 0.20437500000000003
6 0.9564236111111111 0.17592592592592593 0.065486111111111 0.21180555555555558
6 0.7305208333333333 0.722662037037037 0.099861111111111 0.21358796296296295
6 0.7731597222222222 0.17298611111111112 0.04930555555555571 0.06476851851851854
6 0.7801041666666666 0.23483796296296297 0.050416666666666644 0.07726851851851854
6 0.740625 0.24155092592592592 0.04673611111111118 0.07085648148148146
6 0.7026736111111112 0.23107638888888887 0.055208333333333394 0.09618055555555553
6 0.6696527777777778 0.20012731481481483 0.050694444444444466 0.08039351851851854
6 0.6339236111111111 0.2346412037037037 0.04444444444444447 0.08006944444444448
6 0.6286805555555556 0.17114583333333333 0.04729166666666664 0.07710648148148147
6 0.5986805555555555 0.22869212962962965 0.04729166666666664 0.07710648148148147
6 0.5926041666666666 0.17457175925925927 0.046736111111111 0.07085648148148146
6 0.5645833333333334 0.22734953703703703 0.05409722222222228 0.08368055555555554
6 0.436875 0.15931712962962963 0.04756944444444429 0.08023148148148147
6 0.35138888888888886 0.17619212962962963 0.04361111111111109 0.07069444444444443
6 0.3782638888888889 0.1887962962962963 0.03256944444444443 0.05145833333333334
6 0.28107638888888886 0.17983796296296295 0.04222222222222225 0.05506944444444448
6 0.4125694444444445 0.22278935185185186 0.04277777777777771 0.06131944444444439
6 0.35659722222222223 0.2225810185185185 0.03937499999999998 0.05803240740740741
6 0.2899652777777778 0.21981481481481482 0.03937499999999998 0.05803240740740741
6 0.7125 0.4529745370370371 0.057499999999999926 0.08696759259259253
6 0.6704513888888888 0.45359953703703704 0.05097222222222229 0.08351851851851855
6 0.6346527777777778 0.45390046296296294 0.04930555555555571 0.06476851851851854
6 0.5975694444444445 0.45115740740740745 0.043333333333333356 0.06756944444444457
6 0.6045138888888889 0.5130092592592593 0.047013888888889 0.07398148148148138
6 0.5738194444444444 0.5083796296296296 0.048402777777777926 0.08960648148148138
6 0.5054166666666667 0.7529976851851851 0.05208333333333322 0.09601851851851854
6 0.5410763888888889 0.7542592592592593 0.048680555555555574 0.09273148148148139
6 0.5362152777777778 0.6689699074074074 0.05152777777777793 0.08976851851851855
6 0.5741666666666667 0.6794444444444444 0.049861111111111 0.07101851851851855
6 0.6238888888888889 0.7499652777777778 0.05208333333333339 0.09601851851851854
6 0.6113888888888889 0.680625 0.04756944444444446 0.08023148148148138
6 0.6682291666666667 0.7585532407407407 0.055486111111111215 0.09930555555555554
6 0.7834027777777777 0.7401388888888889 0.08798611111111114 0.18497685185185198
6 0.837673611111111 0.7419907407407408 0.08791666666666664 0.2191898148148148
6 0.45079861111111114 0.3701157407407407 0.04951388888888886 0.10210648148148146
6 0.4219444444444445 0.43226851851851855 0.044166666666666646 0.0769444444444444
6 0.3864236111111111 0.4994328703703704 0.05861111111111113 0.09946759259259252
6 0.5114236111111111 0.42296296296296293 0.06368055555555543 0.12150462962962968
6 0.4642708333333333 0.49850694444444443 0.04215277777777775 0.08928240740740741
6 0.5362847222222222 0.4932175925925925 0.048958333333333395 0.09585648148148138
6 0.5470833333333334 0.42422453703703705 0.06062499999999993 0.0871296296296297