5 0.23104166666666667 0.7384259259259259 0.07263888888888888 0.04425925925925931
5 0.23444444444444446 0.6650115740740741 0.03423611111111109 0.0689583333333335
5 0.27069444444444446 0.6787962962962963 0.03763888888888891 0.0721064814814815
5 0.2964236111111111 0.7582407407407408 0.049236111111111126 0.0971759259259258
5 0.3371180555555555 0.7220254629629629 0.052430555555555536 0.06284722222222214
5 0.2304513888888889 0.4464351851851852 0.07861111111111115 0.18171296296296297
5 0.36875 0.41886574074074073 0.08930555555555557 0.2317592592592593
5 0.2785763888888889 0.43202546296296296 0.05986111111111114 0.18157407407407417
5 0.10420138888888889 0.46142361111111113 0.07805555555555554 0.175462962962963
5 0.16086805555555556 0.4563194444444444 0.07777777777777777 0.17233796296296297
5 0.04092013888888889 0.4916087962962963 0.08184027777777778 0.11937499999999997
5 0.015486111111111112 0.47474537037037035 0.030972222222222224 0.10050925925925931
5 0.01453125 0.7355671296296297 0.0290625 0.12245370370370381
5 0.06232638888888888 0.7568518518518518 0.07423611111111113 0.09736111111111115
5 0.49461805555555555 0.6365393518518518 0.09958333333333336 0.06631944444444446
5 0.5672222222222223 0.6453703703703704 0.07847222222222214 0.1098842592592593
5 0.6201041666666667 0.595011574074074 0.05715277777777779 0.11597222222222214
5 0.6443402777777777 0.7088194444444444 0.04645833333333336 0.06592592592592598
5 0.6652430555555556 0.5790625 0.051041666666666784 0.047222222222222145
5 0.6690625000000001 0.6414930555555556 0.06125000000000007 0.05666666666666664
5 0.8572916666666668 0.6494675925925926 0.07354166666666657 0.1598148148148148
5 0.7525000000000001 0.6689814814814815 0.05368055555555564 0.147175925925926
5 0.8013541666666667 0.6639351851851851 0.07069444444444457 0.16291666666666665