3 0.2833333333333333 0.5586111111111112 0.09826388888888893 0.2075925925925926
3 0.3297453703703704 0.5454166666666668 0.10474537037037032 0.21393518518518526
3 0.19484953703703703 0.4489236111111111 0.07881944444444447 0.10423611111111111
3 0.3825810185185185 0.4101851851851852 0.05555555555555554 0.06641203703703695
3 0.4921875 0.4992361111111111 0.07800925925925917 0.16668981481481476
3 0.5302662037037037 0.3876736111111111 0.04282407407407405 0.059976851851851885
3 0.6076967592592593 0.45218749999999996 0.06956018518518511 0.19155092592592596
3 0.6495949074074074 0.44375 0.06608796296296297 0.1821296296296296
3 0.6883101851851852 0.4337962962962963 0.059837962962962975 0.18203703703703714
3 0.7681134259259259 0.6890046296296296 0.07268518518518512 0.19159722222222228
3 0.709664351851852 0.7148842592592592 0.07604166666666679 0.1978935185185186
3 0.6528356481481481 0.7423032407407408 0.09178240740740726 0.20124999999999993
3 0.6866319444444444 0.7261689814814816 0.08217592592592596 0.19486111111111093
3 0.6192708333333334 0.7646875 0.07511574074074083 0.1728935185185186
3 0.595023148148148 0.7853703703703704 0.07824074074074083 0.17293981481481477
3 0.5338541666666666 0.6956018518518519 0.048958333333333215 0.056944444444444284
3 0.4958912037037037 0.8525 0.09490740740740744 0.20129629629629625
3 0.41736111111111107 0.8849305555555554 0.10150462962962976 0.21076388888888892
3 0.32158564814814816 0.9160532407407407 0.10590277777777776 0.1608564814814816
3 0.3372685185185185 0.7907523148148148 0.06793981481481488 0.06347222222222229
3 0.4215856481481482 0.7457291666666667 0.06493055555555553 0.06655092592592596
3 0.841550925925926 0.6457060185185185 0.06550925925925917 0.1665046296296296
3 0.9549189814814815 0.5830555555555555 0.055324074074074046 0.1444907407407408
3 0.8958912037037038 0.38225694444444447 0.06805555555555572 0.15092592592592596
3 0.7919560185185185 0.40412037037037035 0.07175925925925916 0.16659722222222229
3 0.7394097222222221 0.4205324074074074 0.05902777777777786 0.16016203703703713
3 0.8414930555555555 0.39087962962962963 0.0487268518518519 0.13502314814814814
3 0.7824074074074074 0.1885185185185185 0.04537037037037024 0.12872685185185184
3 0.7183449074074074 0.1894675925925926 0.05543981481481488 0.14761574074074071
3 0.6822337962962963 0.18531250000000002 0.055324074074074046 0.14449074074074075
3 0.587037037037037 0.18984953703703705 0.05891203703703703 0.15703703703703703
3 0.4981481481481481 0.030833333333333334 0.04004629629629619 0.06166666666666667
3 0.5262152777777778 0.0290625 0.03993055555555554 0.058125
3 0.5499421296296296 0.033553240740740745 0.03379629629629619 0.06710648148148149
3 0.5936342592592593 0.03245949074074074 0.03692129629629637 0.06491898148148148
3 0.632986111111111 0.03752314814814815 0.036805555555555716 0.06613425925925925
3 0.6847800925925925 0.04300925925925926 0.030208333333333216 0.056666666666666664
3 0.7224537037037037 0.047141203703703706 0.03043981481481488 0.06291666666666666
3 0.7510416666666666 0.05922453703703704 0.03692129629629619 0.06925925925925927
3 0.8012731481481481 0.0647337962962963 0.05833333333333357 0.05708333333333333
3 0.8108217592592594 0.11149305555555555 0.06469907407407405 0.06030092592592595
3 0.8340277777777778 0.1893171296296296 0.05763888888888857 0.12266203703703704
3 0.8325231481481481 0.06427083333333335 0.02395833333333357 0.05657407407407407
3 0.8558449074074075 0.18743055555555557 0.038425925925925954 0.10988425925925926
3 0.5186342592592592 0.20024305555555558 0.06469907407407405 0.1446296296296296
3 0.49797453703703703 0.10674768518518518 0.04629629629629619 0.06939814814814813
3 0.43229166666666663 0.10615740740740742 0.04942129629629619 0.06944444444444446
3 0.3946180555555555 0.10202546296296297 0.04965277777777786 0.07569444444444447
3 0.3553819444444445 0.09791666666666668 0.05601851851851851 0.07891203703703704
3 0.27083333333333337 0.09447916666666667 0.06539351851851852 0.07905092592592591
3 0.971875 0.36549768518518516 0.04525462962962976 0.1256018518518518