2 0.2234375 0.6796875 0.0328125 0.28125
2 0.3078125 0.384375 0.0421875 0.2328125
2 0.346875 0.378125 0.040625 0.2359375
2 0.38125 0.38125 0.04375 0.2421875
2 0.1203125 0.125 0.053125 0.2
2 0.1828125 0.1328125 0.046875 0.2109375
2 0.2328125 0.125 0.046875 0.1578125
2 0.2921875 0.121875 0.046875 0.159375
2 0.346875 0.1296875 0.04375 0.1484375
2 0.3921875 0.13125 0.01875 0.1515625
0 0.234375 0.9375 0.0421875 0.125
0 0.2703125 0.93125 0.0390625 0.1375
0 0.309375 0.9328125 0.040625 0.134375
0 0.353125 0.9328125 0.0375 0.134375
0 0.390625 0.9390625 0.03125 0.121875
0 0.4953125 0.94375 0.034375 0.1125
0 0.496875 0.6921875 0.0390625 0.346875
0 0.5015625 0.2875 0.0390625 0.384375
4 0.5515625 0.303125 0.0484375 0.35625
4 0.603125 0.3015625 0.046875 0.325
4 0.65625 0.3125 0.0453125 0.3390625
4 0.709375 0.303125 0.0484375 0.3953125
4 0.584375 0.690625 0.040625 0.334375
4 0.6859375 0.696875 0.05 0.325
4 0.6359375 0.6890625 0.040625 0.35
4 0.8296875 0.628125 0.0375 0.3453125
4 0.88125 0.6296875 0.0375 0.334375
4 0.9375 0.6265625 0.0546875 0.340625
4 0.853125 0.228125 0.04375 0.4140625
4 0.9015625 0.21875 0.046875 0.3796875
4 0.9703125 0.2125 0.03125 0.346875