4 0.3676388888888889 0.5258680555555555 0.048865740740740723 0.13854166666666679
4 0.4002199074074074 0.5073263888888888 0.04928240740740737 0.1666666666666668
4 0.4734375 0.3803472222222222 0.04611111111111103 0.16326388888888896
4 0.5988541666666667 0.3973611111111111 0.045324074074074086 0.11013888888888887
4 0.5254976851851852 0.5149652777777778 0.04578703703703688 0.1413888888888888
4 0.5063425925925926 0.3836805555555555 0.05226851851851855 0.15756944444444443
4 0.5643402777777778 0.3910416666666666 0.05203703703703688 0.14194444444444443
4 0.4489930555555556 0.8425 0.04918981481481488 0.16041666666666643
4 0.4819907407407408 0.8520833333333332 0.05884259259259252 0.17999999999999972
4 0.38653935185185184 0.8511805555555556 0.046111111111111124 0.1632638888888888
4 0.10605324074074074 0.5053124999999999 0.04905092592592593 0.1510416666666668
4 0.06402777777777777 0.52 0.05525462962962964 0.14847222222222226
4 0.08078703703703703 0.38395833333333335 0.06150462962962962 0.1490277777777777
4 0.21050925925925928 0.4803819444444445 0.04877314814814815 0.13229166666666678
4 0.14180555555555557 0.48961805555555554 0.05203703703703706 0.14194444444444443
4 0.1752314814814815 0.8449305555555556 0.05226851851851855 0.15756944444444443
4 0.3965625 0.05670138888888889 0.03935185185185182 0.11340277777777778
4 0.36528935185185185 0.05894097222222222 0.04256944444444448 0.11788194444444444
4 0.3339930555555556 0.06032986111111112 0.04266203703703706 0.12065972222222224
4 0.29952546296296295 0.05638888888888889 0.04252314814814806 0.11277777777777778
4 0.26827546296296295 0.05927083333333333 0.03949074074074073 0.11854166666666666
4 0.24159722222222219 0.05583333333333333 0.042569444444444396 0.11166666666666666
4 0.20724537037037036 0.05814236111111111 0.04256944444444448 0.11628472222222222
4 0.17751157407407409 0.05711805555555556 0.04252314814814815 0.11423611111111112