3 0.2546875 0.515625 0.0546875 0.1984375
3 0.303125 0.5125 0.059375 0.2046875
3 0.19375 0.390625 0.059375 0.09375
3 0.3859375 0.3921875 0.04375 0.059375
3 0.471875 0.5015625 0.0421875 0.1609375
3 0.5359375 0.4 0.03125 0.0546875
3 0.596875 0.4796875 0.0265625 0.1875
3 0.6390625 0.4796875 0.025 0.18125
3 0.6796875 0.478125 0.0203125 0.1796875
3 0.7 0.7421875 0.0296875 0.1875
3 0.6359375 0.75625 0.0328125 0.1953125
3 0.575 0.7703125 0.046875 0.19375
3 0.6109375 0.7625 0.0390625 0.190625
3 0.5375 0.7859375 0.0375 0.16875
3 0.5078125 0.8 0.040625 0.165625
3 0.46875 0.7015625 0.0390625 0.0484375
3 0.396875 0.8453125 0.05 0.19375
3 0.3125 0.8609375 0.0546875 0.203125
3 0.2078125 0.896875 0.0625 0.196875
3 0.2546875 0.753125 0.05625 0.053125
3 0.3484375 0.7265625 0.0515625 0.0578125
3 0.78125 0.715625 0.0296875 0.1640625
3 0.90625 0.678125 0.021875 0.1421875
3 0.89375 0.4703125 0.034375 0.146875
3 0.7875 0.4703125 0.034375 0.1625
3 0.7328125 0.475 0.021875 0.159375
3 0.8390625 0.4671875 0.0171875 0.134375
3 0.8265625 0.2578125 0.0171875 0.1265625
3 0.7640625 0.2453125 0.0234375 0.14375
3 0.7296875 0.234375 0.021875 0.14375
3 0.6359375 0.21875 0.0234375 0.153125
3 0.5890625 0.0375 0.025 0.075
3 0.6140625 0.046875 0.0265625 0.065625
3 0.6359375 0.0578125 0.0203125 0.065625
3 0.678125 0.065625 0.0234375 0.065625
3 0.715625 0.0796875 0.021875 0.0625
3 0.7640625 0.096875 0.01875 0.0546875
3 0.8 0.1078125 0.0171875 0.0609375
3 0.8265625 0.125 0.0234375 0.0640625
3 0.8734375 0.140625 0.0484375 0.046875
3 0.871875 0.1890625 0.053125 0.0515625
3 0.878125 0.26875 0.03125 0.1171875
3 0.9046875 0.146875 0.0109375 0.0546875
3 0.9 0.271875 0.0125 0.109375
3 0.565625 0.215625 0.034375 0.1390625
3 0.5671875 0.1203125 0.0328125 0.0625
3 0.503125 0.10625 0.0359375 0.0625
3 0.4671875 0.09375 0.0359375 0.06875
3 0.4296875 0.0828125 0.040625 0.071875
3 0.3484375 0.0609375 0.05 0.06875
3 0.971875 0.46875 0.015625 0.125