5 0.5114583333333333 0.5498958333333333 0.08472222222222214 0.22041666666666657
5 0.651875 0.6185763888888889 0.1355555555555556 0.24027777777777787
5 0.8099652777777777 0.698576388888889 0.14006944444444472 0.27159722222222216
5 0.7279861111111111 0.6452430555555555 0.11875 0.2836111111111112
5 0.6531944444444445 0.1565625 0.09604166666666672 0.264375
5 0.5874305555555555 0.15197916666666667 0.11777777777777772 0.26173611111111106
5 0.4790972222222222 0.17298611111111112 0.09152777777777779 0.23305555555555557
5 0.4295138888888889 0.18125 0.06499999999999986 0.19812500000000002
5 0.5328125 0.1523263888888889 0.07874999999999996 0.2265277777777778
5 0.9243402777777778 0.7432638888888888 0.11590277777777765 0.2897916666666667
5 0.9384027777777778 0.15989583333333335 0.12319444444444443 0.19965277777777776
5 0.8359375 0.1590625 0.13034722222222223 0.1933333333333333
5 0.7354513888888888 0.14590277777777777 0.13812500000000014 0.22784722222222223
5 0.2750694444444444 0.7101041666666668 0.04659722222222218 0.13527777777777777
5 0.3992361111111111 0.8346180555555556 0.0636111111111111 0.16687499999999994
5 0.5533333333333333 0.9239583333333332 0.09472222222222229 0.15208333333333357