2 0.2046875 0.4328125 0.0171875 0.1328125
2 0.225 0.4359375 0.021875 0.1375
2 0.246875 0.434375 0.0265625 0.14375
4 0.1765625 0.4265625 0.03125 0.140625
4 0.1515625 0.421875 0.021875 0.14375
4 0.125 0.421875 0.03125 0.1421875
4 0.103125 0.4203125 0.021875 0.1296875
2 0.08125 0.4171875 0.0203125 0.128125
2 0.059375 0.4171875 0.0234375 0.140625
2 0.08125 0.3359375 0.0234375 0.0578125
2 0.1015625 0.334375 0.021875 0.06875
2 0.0375 0.4171875 0.021875 0.134375
2 0.0171875 0.4125 0.0203125 0.1328125
2 0.0375 0.328125 0.0234375 0.05625
2 0.0578125 0.33125 0.021875 0.0578125
2 0.246875 0.075 0.03125 0.1375
2 0.2234375 0.0734375 0.021875 0.1390625
2 0.109375 0.08125 0.0203125 0.115625
2 0.090625 0.0796875 0.021875 0.1109375
2 0.071875 0.08125 0.0234375 0.1078125
2 0.0515625 0.0796875 0.0234375 0.109375
4 0.1296875 0.0765625 0.0234375 0.121875
4 0.15 0.0796875 0.0234375 0.1203125
4 0.171875 0.0828125 0.0234375 0.115625
4 0.0296875 0.078125 0.021875 0.109375
4 0.009375 0.0765625 0.01875 0.109375