2 0.900173611111111 0.6840740740740741 0.041782407407407615 0.1260185185185186
2 0.920949074074074 0.6768634259259259 0.03865740740740762 0.12592592592592594
2 0.9447569444444444 0.6713078703703703 0.041597222222222285 0.12289351851851844
2 0.9107986111111112 0.768912037037037 0.034768518518518476 0.06030092592592595
2 0.9341435185185185 0.7711689814814815 0.034953703703703806 0.06342592592592596
2 0.9471064814814815 0.7637268518518519 0.02245370370370381 0.06305555555555546
2 0.9486458333333335 0.8169907407407407 0.012708333333333145 0.05652777777777764
2 0.9354976851851852 0.8275578703703703 0.034953703703703806 0.06342592592592596
2 0.9104050925925925 0.8283796296296296 0.03826388888888914 0.06664351851851862
2 0.8765509259259259 0.6865046296296297 0.04527777777777793 0.1323611111111111
2 0.8527430555555556 0.6920601851851852 0.03847222222222228 0.12280092592592595
2 0.827650462962963 0.6928819444444445 0.0419675925925926 0.12914351851851863
2 0.8039351851851851 0.696875 0.041597222222222285 0.12289351851851844
2 0.781875 0.6993518518518519 0.041597222222222285 0.12289351851851862
2 0.8067245370370371 0.834699074074074 0.04951388888888886 0.15120370370370395
2 0.8348726851851851 0.7823148148148148 0.034953703703703806 0.06342592592592596
2 0.8599652777777778 0.7814930555555556 0.03458333333333315 0.05717592592592595
2 0.882210648148148 0.7758912037037037 0.04138888888888914 0.06673611111111093
2 0.8613194444444444 0.8378819444444444 0.032199074074074116 0.06958333333333329
2 0.8391666666666666 0.8419212962962963 0.0386342592592591 0.07289351851851862
2 0.8852199074074074 0.8307638888888889 0.03606481481481474 0.08217592592592596
2 0.7937615740740741 0.41952546296296295 0.046203703703703525 0.1479861111111111
2 0.7686689814814816 0.42034722222222226 0.05263888888888886 0.15129629629629626
4 0.8618749999999998 0.4058912037037037 0.046203703703703525 0.1479861111111111
4 0.8411921296296295 0.4115393518518518 0.04951388888888886 0.1512037037037036
4 0.8175694444444446 0.4139699074074074 0.04675925925925952 0.15736111111111112
4 0.8419675925925926 0.319212962962963 0.03182870370370381 0.06333333333333328
4 0.8202777777777779 0.31543981481481487 0.035509259259259095 0.07280092592592595
4 0.7949074074074074 0.320949074074074 0.03256944444444443 0.07583333333333328
2 0.9328356481481481 0.3970370370370371 0.046203703703703525 0.1479861111111111
2 0.9109606481481481 0.39638888888888885 0.04601851851851855 0.1448611111111111
2 0.9070486111111112 0.3039236111111111 0.028703703703703808 0.06324074074074079
2 0.8863657407407407 0.3095717592592592 0.028703703703703808 0.06324074074074079
2 0.7414583333333333 0.4304976851851851 0.04951388888888886 0.1512037037037036
2 0.7180208333333333 0.4298032407407407 0.05282407407407419 0.15442129629629625
2 0.7250462962962964 0.337662037037037 0.03513888888888879 0.06655092592592596
2 0.7050115740740741 0.3323726851851852 0.03937500000000007 0.08539351851851854
4 0.6674652777777779 0.4376967592592592 0.053009259259259166 0.15754629629629627
4 0.8285648148148148 0.06994212962962962 0.03662037037037038 0.09155092592592591
4 0.8052199074074075 0.06768518518518518 0.039560185185185046 0.08851851851851852
4 0.7848148148148149 0.06864583333333334 0.04287037037037038 0.0917361111111111
2 0.8460300925925927 0.06576388888888889 0.03918981481481474 0.08226851851851853
2 0.8931828703703705 0.06246527777777777 0.0386342592592591 0.07289351851851852