2 0.3075462962962963 0.6058449074074075 0.135787037037037 0.2892592592592592
2 0.2614120370370371 0.5940393518518519 0.12548611111111113 0.27349537037037025
2 0.17126157407407408 0.5610300925925926 0.11224537037037034 0.2608101851851853
2 0.12650462962962963 0.5523263888888889 0.10525462962962964 0.2482175925925926
2 0.09701388888888889 0.5231018518518519 0.10525462962962964 0.2482175925925926
4 0.18891203703703704 0.1332638888888889 0.1096759259259259 0.2665277777777778
4 0.22815972222222225 0.12983796296296296 0.1061805555555555 0.2596759259259259
4 0.2537962962962963 0.14527777777777778 0.1111574074074074 0.29055555555555557
4 0.2924884259259259 0.15125 0.11502314814814821 0.3025
4 0.33486111111111116 0.1478472222222222 0.12402777777777771 0.2956944444444444
4 0.41187500000000005 0.1625 0.1201620370370371 0.2890277777777778
4 0.4471643518518519 0.17290509259259262 0.13157407407407398 0.32354166666666667
2 0.7054166666666667 0.21435185185185185 0.16928240740740746 0.38030092592592596
2 0.6092361111111111 0.7309490740740741 0.12770833333333337 0.3109953703703704
2 0.6573032407407406 0.7364814814814815 0.131388888888889 0.32041666666666657
2 0.48530092592592594 0.6094560185185186 0.2053472222222222 0.46201388888888884