2 0.0546875 0.475 0.0484375 0.1765625
2 0.1359375 0.6578125 0.040625 0.165625
2 0.228125 0.478125 0.046875 0.153125
2 0.1984375 0.4796875 0.0390625 0.1625
2 0.26875 0.6328125 0.034375 0.1546875
2 0.3015625 0.628125 0.0328125 0.1609375
2 0.325 0.4671875 0.034375 0.1421875
2 0.359375 0.6390625 0.034375 0.109375
2 0.4203125 0.4171875 0.0359375 0.1078125
2 0.4515625 0.51875 0.0296875 0.0984375
2 0.4234375 0.625 0.034375 0.109375
2 0.10625 0.1203125 0.059375 0.225
2 0.159375 0.1234375 0.0484375 0.2171875
4 0.5125 0.14375 0.0375 0.2828125
4 0.55 0.15 0.034375 0.278125
4 0.578125 0.15 0.0390625 0.278125
4 0.771875 0.23125 0.03125 0.1578125
4 0.7921875 0.209375 0.028125 0.1921875
4 0.8125 0.20625 0.0296875 0.1859375
4 0.834375 0.2078125 0.0265625 0.16875
4 0.84375 0.2078125 0.015625 0.15625
4 0.9375 0.25 0.0328125 0.1796875
4 0.9828125 0.246875 0.03125 0.184375
4 0.6796875 0.928125 0.0234375 0.1421875