2 0.9501388888888889 0.428125 0.06965277777777779 0.18125
2 0.891875 0.61875 0.060000000000000143 0.16875
2 0.7787499999999999 0.45 0.06597222222222214 0.15625
2 0.8084027777777777 0.4484375 0.05993055555555564 0.165625
2 0.7572569444444445 0.6078125 0.05347222222222214 0.15625
2 0.7244097222222222 0.60625 0.053611111111111144 0.1625
2 0.6802777777777778 0.4484375 0.0531944444444445 0.14375
2 0.6685416666666667 0.6234375 0.04937500000000004 0.1125
2 0.5794097222222222 0.409375 0.049374999999999857 0.1125
2 0.5614236111111112 0.5140625 0.04284722222222222 0.1
2 0.6027430555555556 0.615625 0.049374999999999857 0.1125
2 0.8521875 0.0984375 0.08562499999999992 0.196875
2 0.8006597222222223 0.1 0.07631944444444443 0.2
4 0.4532638888888888 0.146875 0.0719444444444445 0.284375
4 0.4175694444444445 0.1578125 0.06875 0.28125
4 0.38947916666666665 0.159375 0.075 0.28125
4 0.2073611111111111 0.2609375 0.050416666666666644 0.159375
4 0.18506944444444445 0.2421875 0.05118055555555556 0.19375
4 0.16315972222222222 0.240625 0.054166666666666696 0.1875
4 0.14291666666666666 0.24375 0.04756944444444446 0.171875
4 0.13357638888888887 0.2453125 0.03472222222222223 0.15625
4 0.04565972222222222 0.296875 0.054027777777777786 0.18125
4 0.015972222222222224 0.296875 0.02291666666666667 0.1875
4 0.3864236111111111 0.9359375 0.04034722222222218 0.128125