2 0.8406481481481481 0.5449999999999999 0.04844907407407391 0.1374305555555555
2 0.8203356481481482 0.5433449074074075 0.055208333333333214 0.1441898148148148
2 0.7996412037037037 0.5370023148148148 0.061967592592592526 0.15094907407407412
4 0.8702083333333335 0.5458564814814815 0.06483796296296304 0.14807870370370377
4 0.8952083333333334 0.5478935185185185 0.05571759259259253 0.1504398148148148
4 0.922025462962963 0.5531828703703704 0.06509259259259252 0.1512037037037036
4 0.9440277777777778 0.5565277777777778 0.05131944444444443 0.13456018518518534
2 0.9660300925925925 0.5598726851851852 0.05131944444444443 0.13456018518518534
2 0.9802141203703704 0.5647800925925927 0.039571759259259306 0.14731481481481482
2 0.9719097222222223 0.47964120370370367 0.036087962962962905 0.06192129629629619
2 0.9512152777777778 0.47329861111111116 0.037106481481481525 0.0744212962962962
2 0.99140625 0.5696875 0.0171875 0.1410648148148148
2 0.9995891203703703 0.4833333333333334 0.0008217592592593803 0.06192129629629619
2 0.9886516203703704 0.48155092592592597 0.02269675925925938 0.06192129629629619
2 0.8269907407407407 0.18689814814814815 0.06458333333333321 0.1449537037037037
2 0.8505555555555556 0.19037037037037036 0.05520833333333357 0.1441898148148148
2 0.9635300925925925 0.2244097222222222 0.04717592592592581 0.1218055555555555
2 0.9795370370370371 0.22749999999999998 0.04092592592592581 0.11555555555555559
2 0.9883217592592594 0.23177083333333331 0.02335648148148124 0.11192129629629637
2 0.9976967592592594 0.23409722222222223 0.004606481481481239 0.11351851851851853
4 0.9425810185185185 0.2149421296296296 0.05393518518518512 0.1285648148148148
4 0.9222685185185184 0.21328703703703705 0.050555555555555645 0.12518518518518515
4 0.9003935185185185 0.21150462962962963 0.05030092592592581 0.12206018518518516