3 0.2878935185185185 0.5269444444444444 0.09178240740740744 0.2103472222222223
3 0.3342013888888889 0.5118402777777777 0.09851851851851849 0.22027777777777774
3 0.20377314814814812 0.4182638888888889 0.07706018518518523 0.106388888888889
3 0.39310185185185187 0.37631944444444443 0.05652777777777782 0.07034722222222226
3 0.49804398148148155 0.46274305555555556 0.07421296296296305 0.17145833333333335
3 0.5423726851851851 0.3489236111111111 0.040578703703703665 0.06270833333333332
3 0.6178935185185186 0.41284722222222225 0.0630092592592593 0.19534722222222226
3 0.658275462962963 0.40454861111111107 0.059560185185185154 0.18881944444444443
3 0.6984953703703705 0.393125 0.05314814814814817 0.18513888888888888
3 0.7681944444444444 0.6475 0.06613425925925931 0.19562500000000008
3 0.7083912037037037 0.6747916666666667 0.06958333333333329 0.2021527777777777
3 0.6517939814814815 0.7033680555555556 0.08208333333333329 0.203263888888889
3 0.6854398148148149 0.68625 0.07567129629629629 0.19958333333333336
3 0.6169097222222222 0.726875 0.06828703703703702 0.17715277777777771
3 0.5912384259259259 0.7464236111111111 0.07124999999999986 0.1743055555555557
3 0.5334143518518518 0.6605208333333333 0.04962962962962969 0.05729166666666678
3 0.48971064814814813 0.8166666666666667 0.08537037037037046 0.20666666666666664
3 0.409837962962963 0.8504513888888889 0.09210648148148141 0.21659722222222227
3 0.3115393518518519 0.8921527777777778 0.09937500000000003 0.17680555555555558
3 0.33285879629629633 0.7584027777777778 0.06557870370370367 0.06493055555555553
3 0.41989583333333336 0.7114236111111112 0.06277777777777782 0.07090277777777772
3 0.8428125 0.6031944444444444 0.061712962962963046 0.17034722222222226
3 0.9587268518518519 0.5379513888888889 0.048078703703703596 0.14736111111111114
3 0.907488425925926 0.336875 0.06090277777777757 0.15472222222222215
3 0.8036111111111112 0.36180555555555555 0.06483796296296304 0.17062500000000008
3 0.7494907407407407 0.37760416666666663 0.052013888888888894 0.16326388888888888
3 0.8530439814814816 0.3464236111111111 0.041342592592592806 0.1374305555555555
3 0.800162037037037 0.14392361111111113 0.041018518518518475 0.13118055555555558
3 0.7375 0.14635416666666665 0.05136574074074076 0.15076388888888886
3 0.7012384259259259 0.1432986111111111 0.048240740740740765 0.15048611111111115
3 0.6058449074074075 0.15020833333333333 0.051851851851851906 0.16013888888888891
3 0.5252199074074074 0.011875 0.03793981481481481 0.02375
3 0.5518634259259259 0.011475694444444443 0.03793981481481481 0.022951388888888886
3 0.5757060185185185 0.014201388888888888 0.03168981481481481 0.028402777777777777
3 0.6179745370370371 0.013177083333333334 0.03481481481481481 0.026354166666666668
3 0.6574421296296297 0.014565972222222223 0.034652777777777644 0.029131944444444446
3 0.7080092592592593 0.01532986111111111 0.02791666666666668 0.03065972222222222
3 0.7458333333333333 0.018350694444444444 0.028240740740740834 0.03670138888888889
3 0.7761689814814815 0.024201388888888887 0.034652777777777644 0.048402777777777774
3 0.8250925925925927 0.02409722222222222 0.055879629629629335 0.04819444444444444
3 0.8322916666666667 0.06729166666666667 0.062453703703703664 0.06465277777777778
3 0.8535300925925926 0.1438888888888889 0.0531944444444445 0.12604166666666666
3 0.8564236111111111 0.023506944444444445 0.021666666666666855 0.04701388888888889
3 0.8754050925925926 0.14194444444444446 0.03379629629629619 0.11187499999999999
3 0.5358564814814815 0.16270833333333332 0.06057870370370359 0.14847222222222226
3 0.5199768518518518 0.06836805555555556 0.04402777777777782 0.06923611111111112
3 0.4541087962962963 0.06951388888888889 0.04715277777777782 0.0695138888888889
3 0.41620370370370374 0.06503472222222223 0.0474768518518518 0.0757638888888889
3 0.37689814814814815 0.06381944444444444 0.054050925925925954 0.08256944444444445
3 0.2935185185185185 0.06024305555555556 0.06326388888888887 0.08027777777777775
3 0.9814872685185186 0.31756944444444446 0.03702546296296276 0.1280555555555556