2 0.8772222222222222 0.6628125 0.03979166666666671 0.12416666666666672
2 0.8993055555555557 0.6566666666666666 0.03368055555555571 0.12687500000000007
2 0.9259375000000001 0.6533333333333333 0.042916666666666714 0.12437500000000004
2 0.8749652777777778 0.7486458333333333 0.030763888888888858 0.06125000000000007
2 0.8981944444444444 0.7517708333333333 0.03402777777777786 0.06458333333333321
2 0.9202777777777778 0.7456250000000001 0.030902777777777855 0.06437500000000007
2 0.9147222222222222 0.8005208333333333 0.030624999999999857 0.05812500000000007
2 0.8910069444444446 0.8083333333333333 0.03402777777777786 0.06458333333333321
2 0.8660763888888889 0.8084375000000001 0.0341666666666665 0.06770833333333356
2 0.8537847222222222 0.664375 0.04006944444444436 0.1304166666666667
2 0.8302777777777777 0.6675 0.036666666666666715 0.12395833333333339
2 0.8054166666666667 0.6660416666666666 0.036944444444444356 0.1302083333333332
2 0.7803472222222222 0.6692708333333334 0.036527777777777715 0.12083333333333321
2 0.7585416666666667 0.6691666666666667 0.03979166666666671 0.12416666666666672
2 0.7632986111111111 0.8074999999999999 0.044166666666666646 0.15249999999999986
2 0.7998263888888889 0.7567708333333334 0.030902777777777855 0.06437500000000007
2 0.8246874999999999 0.7582291666666666 0.033749999999999857 0.058333333333333216
2 0.8467013888888889 0.7536458333333333 0.037291666666666855 0.06791666666666671
2 0.8175694444444446 0.8132291666666667 0.031041666666666856 0.06750000000000007
2 0.7940625 0.8163541666666667 0.03756944444444432 0.07416666666666671
2 0.8411458333333334 0.8085416666666667 0.03486111111111114 0.08333333333333322
2 0.8098263888888889 0.3915625 0.043888888888889 0.14624999999999994
2 0.7848958333333333 0.39166666666666666 0.04729166666666664 0.15270833333333328
4 0.8787847222222223 0.38229166666666664 0.04090277777777764 0.14916666666666661
4 0.8567708333333334 0.38687499999999997 0.044166666666666646 0.15249999999999994
4 0.8334027777777777 0.38687499999999997 0.041319444444444284 0.15854166666666664
4 0.8718055555555555 0.2939583333333333 0.030763888888888858 0.06125000000000007
4 0.8502777777777778 0.28760416666666666 0.0344444444444445 0.07395833333333339
4 0.825138888888889 0.2923958333333333 0.028333333333333145 0.07666666666666666
2 0.9490972222222223 0.37760416666666663 0.04090277777777764 0.14916666666666661
2 0.9274305555555555 0.374375 0.040625 0.14291666666666664
2 0.9377777777777778 0.28177083333333336 0.027777777777777856 0.06416666666666666
2 0.915763888888889 0.2863541666666667 0.024652777777777857 0.06395833333333334
2 0.7581249999999999 0.398125 0.044166666666666646 0.15250000000000002
2 0.7348263888888888 0.39656250000000004 0.04743055555555564 0.15583333333333335
2 0.7544791666666667 0.3048958333333333 0.03416666666666668 0.0677083333333334
2 0.7345138888888889 0.2984375 0.03499999999999996 0.0864583333333333
4 0.6831944444444444 0.4015625 0.04756944444444429 0.15895833333333337
4 0.8960416666666667 0.044687500000000005 0.03340277777777771 0.08937500000000001
4 0.8743055555555556 0.0415625 0.03611111111111107 0.083125
4 0.8525694444444444 0.04317708333333333 0.04277777777777771 0.08635416666666666
2 0.9165625000000001 0.04015625 0.036250000000000074 0.0803125
2 0.9617361111111112 0.03791666666666667 0.03895833333333343 0.07583333333333334