3 0.8099421296296295 0.5103819444444444 0.1021296296296299 0.2889814814814814
3 0.7630555555555556 0.508125 0.10206018518518523 0.2796064814814816
3 0.7193518518518518 0.5137268518518519 0.10206018518518505 0.27960648148148143
3 0.564699074074074 0.5161226851851852 0.08912037037037024 0.22004629629629627
3 0.6006134259259259 0.5135300925925926 0.0766435185185184 0.2229861111111111
3 0.41478009259259263 0.524837962962963 0.05437499999999993 0.16953703703703696
3 0.4334953703703704 0.5204282407407408 0.05763888888888893 0.1883333333333333
3 0.4553587962962963 0.5191898148148149 0.06395833333333326 0.19780092592592596
3 0.47878472222222224 0.517974537037037 0.06405092592592591 0.21030092592592595
3 0.502199074074074 0.5151967592592592 0.06719907407407408 0.21347222222222229
3 0.5287731481481481 0.5171527777777778 0.06719907407407408 0.21347222222222229
3 0.39450231481481485 0.529224537037037 0.05437500000000002 0.16953703703703696
3 0.3741898148148148 0.5289236111111111 0.05120370370370377 0.1632407407407408
3 0.3570023148148148 0.5286689814814814 0.051180555555555604 0.1601157407407408
3 0.34138888888888885 0.53 0.04805555555555561 0.16006944444444446
3 0.3257407407407407 0.5266435185185185 0.04803240740740744 0.15694444444444447
3 0.31013888888888885 0.529537037037037 0.04486111111111111 0.15064814814814814
3 0.2960763888888889 0.5293287037037038 0.04168981481481478 0.14435185185185198
3 0.2820023148148148 0.5275578703703705 0.038541666666666606 0.14118055555555564
3 0.27108796296296295 0.5305208333333333 0.038541666666666696 0.14118055555555564
3 0.26015046296296296 0.5303587962962963 0.04162037037037036 0.1349768518518518
3 0.24765046296296295 0.5301736111111112 0.0384722222222222 0.13180555555555565
3 0.23671296296296296 0.5300115740740742 0.0384722222222222 0.13180555555555565
3 0.20702546296296295 0.5295717592592594 0.05412037037037036 0.13516203703703694
3 0.22732638888888887 0.5283101851851851 0.03534722222222229 0.1317592592592593
3 0.19121527777777775 0.7152546296296296 0.044745370370370366 0.13502314814814814
3 0.21476851851851855 0.7312268518518519 0.03847222222222228 0.13180555555555565
3 0.22570601851851854 0.7313888888888889 0.03847222222222228 0.13180555555555565
3 0.23980324074074072 0.7362847222222222 0.04166666666666661 0.1412268518518518
3 0.26016203703703705 0.7428356481481482 0.04486111111111111 0.1506481481481483
3 0.27266203703703706 0.7430208333333332 0.04486111111111111 0.1506481481481483
3 0.41528935185185184 0.8045023148148148 0.06701388888888893 0.1884722222222223
3 0.3902083333333334 0.7931944444444444 0.05449074074074076 0.18516203703703712
3 0.376099537037037 0.7867361111111111 0.051273148148148096 0.1726157407407408
3 0.4497453703703703 0.815949074074074 0.06395833333333342 0.19780092592592596
3 0.47479166666666667 0.8225694444444445 0.06719907407407408 0.21347222222222229
3 0.5014120370370371 0.8307754629629629 0.06729166666666657 0.2259722222222223
3 0.5264699074074074 0.8389583333333333 0.07037037037037042 0.2197685185185186
3 0.5625 0.8519907407407408 0.08293981481481474 0.2293287037037036
3 0.5999884259259259 0.8509837962962962 0.07680555555555557 0.24486111111111128
3 0.6297569444444444 0.862361111111111 0.07368055555555557 0.24481481481481496
3 0.6594212962962963 0.8596759259259258 0.08000000000000007 0.2542824074074076
3 0.6969560185185185 0.8649189814814815 0.07986111111111108 0.2355324074074076
3 0.7328819444444445 0.8638888888888889 0.07974537037037024 0.21990740740740727
3 0.7704050925925926 0.8675694444444444 0.07025462962962958 0.2041435185185186
3 0.8063773148148148 0.8727893518518519 0.07636574074074076 0.18548611111111094
3 0.09862268518518517 0.8701157407407407 0.034652777777777775 0.03800925925925931
3 0.11886574074074074 0.8610416666666666 0.03157407407407407 0.04421296296296262
3 0.13171296296296298 0.6971875 0.032060185185185205 0.10983796296296297
3 0.10820601851851852 0.6874652777777778 0.03516203703703704 0.1067592592592593
3 0.06434027777777777 0.6711921296296296 0.022430555555555554 0.07532407407407397
3 0.051793981481481476 0.6647569444444444 0.019259259259259264 0.06902777777777783
3 0.039282407407407405 0.6630092592592594 0.019282407407407408 0.07215277777777765
3 0.014930555555555555 0.539224537037037 0.022407407407407404 0.07219907407407397
3 0.02895833333333333 0.5347453703703703 0.022337962962962966 0.06282407407407398
3 0.0430324074074074 0.5365162037037037 0.019259259259259264 0.06902777777777783
3 0.04974537037037037 0.38819444444444445 0.02562500000000001 0.0847453703703703
3 0.05908564814814815 0.38364583333333335 0.02560185185185184 0.0816203703703704
3 0.031875 0.2957523148148148 0.015879629629629632 0.03460648148148149
3 0.03810185185185185 0.2927199074074074 0.015879629629629632 0.03460648148148149
3 0.04739583333333334 0.2819212962962963 0.01900462962962963 0.034652777777777824
3 0.03679398148148148 0.32707175925925924 0.01585648148148149 0.031481481481481485
3 0.04458333333333333 0.3240625 0.012754629629629633 0.03456018518518515
3 0.05391203703703704 0.31795138888888885 0.01585648148148149 0.031481481481481485
3 0.03576388888888889 0.3989236111111111 0.01923611111111111 0.06590277777777773
3 0.3100462962962963 0.09520833333333334 0.03483796296296297 0.06300925925925926
3 0.29451388888888885 0.10747685185185185 0.03171296296296298 0.06296296296296297
3 0.32459490740740743 0.16104166666666667 0.028541666666666642 0.05666666666666664
3 0.31059027777777776 0.16864583333333333 0.03168981481481481 0.059837962962962975
3 0.2934953703703703 0.18089120370370368 0.03168981481481481 0.059837962962962975
3 0.2805671296296296 0.12289351851851851 0.034791666666666644 0.056759259259259266
3 0.26502314814814815 0.13359953703703703 0.03166666666666664 0.05671296296296298
3 0.2779513888888889 0.1915972222222222 0.03166666666666664 0.05671296296296298
3 0.24945601851851854 0.14118055555555556 0.034791666666666644 0.056759259259259266
3 0.26078703703703704 0.19446759259259258 0.03168981481481481 0.059837962962962975
3 0.2483564814814815 0.2036574074074074 0.03166666666666664 0.05671296296296298
3 0.23703703703703702 0.15193287037037034 0.03166666666666664 0.05671296296296298
3 0.23435185185185184 0.21126157407407406 0.028541666666666642 0.05666666666666664
3 0.22145833333333337 0.15795138888888888 0.028541666666666642 0.056666666666666685
3 0.2089814814814815 0.16089120370370372 0.025393518518518565 0.0534953703703704
3 0.22346064814814817 0.21734953703703702 0.028541666666666642 0.05666666666666664
3 0.21255787037037038 0.221875 0.025393518518518475 0.0534953703703704
3 0.198125 0.1716666666666667 0.025370370370370356 0.0503703703703704
3 0.20011574074074073 0.22950231481481484 0.025393518518518475 0.05349537037037031
3 0.18725694444444446 0.18087962962962964 0.02851851851851852 0.05354166666666664
3 0.1892361111111111 0.23715277777777777 0.025393518518518475 0.05349537037037031
3 0.1763773148148148 0.1885300925925926 0.025370370370370397 0.05037037037037036
3 0.14937499999999998 0.33967592592592594 0.044606481481481455 0.11627314814814813
3 0.13533564814814816 0.3425925925925926 0.032013888888888876 0.10358796296296298
3 0.13167824074074072 0.2706712962962963 0.037824074074074066 0.044305555555555556
3 0.11300925925925927 0.2813310185185185 0.019050925925925898 0.04090277777777782
3 0.1095949074074074 0.24222222222222226 0.028425925925925945 0.04104166666666664
3 0.11979166666666666 0.35329861111111116 0.028819444444444463 0.09416666666666665
3 0.34171296296296294 0.1519212962962963 0.03805555555555564 0.07555555555555556
3 0.35881944444444447 0.14123842592592592 0.03805555555555555 0.07555555555555556
3 0.37906249999999997 0.13216435185185188 0.044305555555555556 0.07564814814814813
3 0.4023842592592592 0.11688657407407407 0.04428240740740748 0.07252314814814813
3 0.42256944444444444 0.1 0.04425925925925931 0.06939814814814813
3 0.4925578703703704 0.05729166666666667 0.04111111111111114 0.06622685185185184
3 0.5158680555555556 0.04045138888888889 0.04423611111111114 0.06627314814814814
3 0.5408101851851852 0.03300925925925926 0.04412037037037031 0.05064814814814815
3 0.5688773148148148 0.025613425925925925 0.04400462962962966 0.03502314814814815
3 0.6000694444444445 0.018263888888888892 0.037638888888889 0.019305555555555555
3 0.36592592592592593 0.2569560185185185 0.04787037037037036 0.13506944444444446
3 0.40173611111111107 0.24030092592592595 0.05122685185185176 0.1663657407407407
3 0.42349537037037044 0.225 0.05122685185185176 0.1663657407407407
3 0.44376157407407407 0.21905092592592595 0.05442129629629626 0.17578703703703705
3 0.4655439814814815 0.20687499999999998 0.06386574074074076 0.18530092592592595
3 0.4919675925925926 0.1885185185185185 0.06393518518518526 0.19467592592592592
3 0.5480439814814815 0.16591435185185183 0.07969907407407391 0.2136574074074074
3 0.5807638888888889 0.15390046296296295 0.0797685185185184 0.22303240740740743
3 0.6134953703703705 0.1434490740740741 0.07979166666666657 0.2261574074074074
3 0.6492824074074074 0.12366898148148149 0.08606481481481473 0.22937500000000002
3 0.6867245370370371 0.11641203703703704 0.09219907407407409 0.21384259259259258
3 0.9715046296296297 0.5003124999999999 0.05699074074074062 0.3290046296296296
3 0.529525462962963 0.1968865740740741 0.0765740740740739 0.2136111111111111