6 0.39046296296296296 0.39416666666666667 0.05189814814814815 0.1
6 0.5019907407407407 0.3679166666666667 0.05469907407407408 0.09395833333333332
6 0.26238425925925923 0.343125 0.05932870370370367 0.06312499999999996
6 0.08981481481481482 0.40166666666666667 0.10099537037037036 0.20604166666666668
6 0.14333333333333334 0.10333333333333332 0.08752314814814817 0.1864583333333333
6 0.09981481481481483 0.8666666666666666 0.06682870370370368 0.14770833333333327
6 0.14569444444444443 0.8745833333333334 0.0697916666666667 0.1447916666666668
6 0.12877314814814814 0.6389583333333333 0.09064814814814817 0.1866666666666667
6 0.08238425925925927 0.6514583333333334 0.08391203703703705 0.17687500000000006
6 0.417974537037037 0.6526041666666667 0.03481481481481481 0.07083333333333322
6 0.5177893518518518 0.6726041666666667 0.033518518518518545 0.04583333333333321
6 0.5748263888888889 0.7142708333333333 0.027592592592592523 0.05166666666666657
6 0.42836805555555557 0.3994791666666667 0.06537037037037034 0.11958333333333329
6 0.31112268518518515 0.16427083333333334 0.057662037037037095 0.09104166666666669
6 0.20656249999999998 0.11322916666666667 0.053888888888888965 0.07833333333333332
6 0.2717939814814815 0.19197916666666667 0.057662037037037095 0.09104166666666665
6 0.33739583333333334 0.21739583333333332 0.05421296296296294 0.08458333333333332
6 0.3617939814814815 0.14364583333333333 0.047638888888888876 0.07791666666666668
6 0.38872685185185185 0.08854166666666666 0.05782407407407408 0.09416666666666666