2 0.2595486111111111 0.7419097222222222 0.04085648148148149 0.09229166666666658
2 0.2770833333333333 0.6475347222222222 0.04444444444444447 0.10493055555555557
2 0.29866898148148147 0.654375 0.037847222222222233 0.09527777777777775
2 0.2796875 0.7456944444444444 0.03773148148148149 0.09215277777777793
2 0.3446759259259259 0.4651388888888889 0.034375 0.08576388888888893
2 0.35868055555555556 0.3818402777777778 0.03784722222222214 0.09527777777777775
2 0.3743634259259259 0.29534722222222226 0.03125 0.08562499999999992
2 0.37754629629629627 0.37788194444444445 0.031481481481481485 0.09187500000000001
2 0.3915509259259259 0.2945833333333333 0.028240740740740743 0.08861111111111111
4 0.36493055555555554 0.4657986111111111 0.041319444444444464 0.10479166666666657
4 0.34184027777777776 0.3311111111111111 0.041898148148148094 0.12041666666666676
4 0.3247685185185185 0.32875 0.035648148148148096 0.12013888888888893
4 0.3092013888888889 0.3278819444444444 0.035648148148148186 0.12013888888888893
4 0.29670138888888886 0.3284375 0.032175925925925955 0.11062499999999993
4 0.3298611111111111 0.44395833333333334 0.0322916666666667 0.1137500000000001
4 0.31753472222222223 0.43982638888888886 0.03541666666666661 0.11388888888888893
4 0.30347222222222225 0.4404513888888889 0.03541666666666661 0.11388888888888893
4 0.284837962962963 0.4381597222222222 0.04143518518518512 0.10791666666666674
4 0.2616319444444445 0.4329513888888889 0.03819444444444446 0.10465277777777775