3 0.8734375 0.5140625 0.046875 0.2328125
3 0.796875 0.503125 0.046875 0.2296875
3 0.6890625 0.4921875 0.034375 0.2125
3 0.7234375 0.4921875 0.034375 0.209375
3 0.65625 0.490625 0.0359375 0.21875
3 0.5921875 0.478125 0.03125 0.2
3 0.53125 0.471875 0.03125 0.1828125
3 0.4203125 0.4640625 0.028125 0.1796875
3 0.3421875 0.4484375 0.025 0.1625
3 0.2875 0.45 0.0265625 0.1796875
3 0.2125 0.4515625 0.028125 0.175
3 0.125 0.4390625 0.028125 0.1546875
3 0.0703125 0.4453125 0.0296875 0.1390625
3 0.1 0.4453125 0.0296875 0.1421875
3 0.2390625 0.0484375 0.065625 0.0890625
3 0.2421875 0.09375 0.06875 0.06875
3 0.196875 0.0890625 0.0265625 0.0546875
3 0.196875 0.034375 0.028125 0.0578125
3 0.1734375 0.034375 0.0296875 0.0671875
3 0.1734375 0.0953125 0.0296875 0.071875
3 0.1484375 0.0390625 0.028125 0.065625
3 0.128125 0.0390625 0.0234375 0.0609375
3 0.396875 0.0828125 0.03125 0.065625
3 0.421875 0.0765625 0.034375 0.065625
3 0.4484375 0.075 0.0296875 0.06875
3 0.3421875 0.1875 0.025 0.1453125
3 0.2921875 0.196875 0.0234375 0.1640625
3 0.128125 0.1953125 0.021875 0.1328125
3 0.1703125 0.1984375 0.028125 0.1453125
3 0.2203125 0.203125 0.0234375 0.1609375
3 0.43125 0.765625 0.028125 0.2125
3 0.3671875 0.7515625 0.021875 0.2140625
3 0.3390625 0.7390625 0.0265625 0.19375
3 0.2859375 0.7296875 0.021875 0.1984375
3 0.165625 0.703125 0.025 0.18125
3 0.06875 0.6875 0.0328125 0.15625