4 0.6125 0.8109375 0.05625 0.3765625
4 0.5578125 0.80625 0.0484375 0.3875
4 0.484375 0.8 0.05 0.3765625
4 0.4296875 0.7875 0.0546875 0.3921875
4 0.3703125 0.775 0.053125 0.4078125
4 0.3125 0.7703125 0.046875 0.403125
4 0.246875 0.753125 0.0546875 0.41875
4 0.18125 0.7484375 0.0640625 0.421875
4 0.1328125 0.7046875 0.03125 0.4078125
4 0.0921875 0.70625 0.053125 0.409375
4 0.0453125 0.6671875 0.0359375 0.34375
4 0.0203125 0.165625 0.0375 0.21875
4 0.071875 0.184375 0.0453125 0.2015625
4 0.1234375 0.184375 0.053125 0.2203125
4 0.2640625 0.21875 0.053125 0.1890625
4 0.16875 0.1890625 0.0515625 0.19375
4 0.2640625 0.3984375 0.0515625 0.16875
4 0.1765625 0.3734375 0.0421875 0.153125
4 0.39375 0.3984375 0.0359375 0.15625
4 0.5265625 0.2609375 0.04375 0.1828125
4 0.68125 0.2953125 0.03125 0.1625
4 0.7078125 0.1140625 0.0296875 0.221875
4 0.6625 0.1140625 0.0453125 0.209375
4 0.671875 0.4609375 0.0328125 0.1828125
4 0.634375 0.446875 0.0375 0.1625
4 0.65 0.275 0.0375 0.1828125
4 0.6015625 0.2875 0.0359375 0.1921875
4 0.5578125 0.4375 0.0375 0.1625
4 0.5921875 0.4359375 0.040625 0.165625
4 0.5671875 0.28125 0.0359375 0.203125
4 0.6203125 0.1078125 0.0390625 0.1921875
4 0.58125 0.103125 0.0390625 0.1890625