4 0.34375 0.384375 0.0390625 0.29375
4 0.3828125 0.390625 0.0328125 0.3109375
4 0.425 0.3921875 0.028125 0.290625
4 0.4671875 0.4140625 0.040625 0.3078125
4 0.640625 0.4078125 0.03125 0.2953125
4 0.7234375 0.4140625 0.0328125 0.278125
4 0.7390625 0.7421875 0.0515625 0.2609375
4 0.6640625 0.7375 0.04375 0.2640625
4 0.5109375 0.74375 0.0453125 0.28125
4 0.425 0.753125 0.0421875 0.278125
4 0.5875 0.1359375 0.0265625 0.121875
4 0.609375 0.1359375 0.028125 0.10625
4 0.553125 0.1328125 0.0296875 0.1015625
4 0.5234375 0.13125 0.0265625 0.103125
4 0.4953125 0.1390625 0.028125 0.109375
4 0.4671875 0.1328125 0.028125 0.1046875