2 0.5525231481481481 0.6189583333333333 0.12967592592592592 0.2945833333333333
2 0.6004513888888889 0.6219791666666666 0.11902777777777782 0.2783333333333333
2 0.6973263888888889 0.6155208333333333 0.1055092592592592 0.265
2 0.7435648148148148 0.6202083333333334 0.10136574074074076 0.2522916666666667
2 0.7855902777777778 0.6003125 0.09849537037037041 0.25520833333333337
4 0.8928009259259259 0.2 0.10442129629629626 0.2897916666666667
4 0.8595717592592592 0.18822916666666667 0.097152777777778 0.276875
4 0.8261226851851852 0.19822916666666668 0.10231481481481489 0.3020833333333333
4 0.7909490740740741 0.19124999999999998 0.10671296296296298 0.3179166666666667
4 0.7552314814814814 0.171875 0.11634259259259264 0.32166666666666666
4 0.6743634259259259 0.17260416666666667 0.11092592592592591 0.29333333333333333
4 0.6371180555555556 0.17197916666666666 0.12310185185185177 0.3283333333333333
2 0.38092592592592595 0.16552083333333334 0.15689814814814812 0.3310416666666667
2 0.21582175925925928 0.6507291666666667 0.11895833333333332 0.315625
2 0.16971064814814815 0.6444791666666666 0.12310185185185185 0.3283333333333333
2 0.3883564814814815 0.5739583333333333 0.19368055555555558 0.4697916666666666