2 0.18243055555555557 0.6928356481481481 0.058333333333333307 0.2857870370370371
2 0.2928935185185185 0.41053240740740743 0.062152777777777765 0.23956018518518504
2 0.33219907407407406 0.4098958333333333 0.062314814814814844 0.24268518518518523
2 0.36641203703703706 0.4165856481481482 0.06576388888888891 0.24925925925925937
2 0.12854166666666667 0.12643518518518518 0.06990740740740739 0.20928240740740742
2 0.18899305555555557 0.14212962962962963 0.06414351851851854 0.2180092592592593
2 0.23931712962962962 0.1410648148148148 0.061388888888888896 0.16488425925925929
2 0.3002546296296296 0.14738425925925927 0.061388888888888896 0.16488425925925929
2 0.3528935185185185 0.16226851851851853 0.05777777777777775 0.15518518518518518
2 0.39804398148148146 0.1700925925925926 0.032939814814814825 0.1557175925925926
0 0.17062499999999997 0.9429398148148149 0.05335648148148149 0.11412037037037023
0 0.20680555555555555 0.9394155092592593 0.05087962962962962 0.12116898148148145
0 0.24570601851851848 0.9437847222222222 0.050717592592592634 0.1124305555555555
0 0.289375 0.9469155092592594 0.04759259259259263 0.10616898148148124
0 0.32655092592592594 0.9552719907407408 0.0406944444444445 0.08945601851851848
0 0.4307523148148148 0.967650462962963 0.043333333333333356 0.06469907407407405
0 0.45473379629629634 0.7430671296296296 0.06798611111111122 0.35206018518518506
0 0.49446759259259265 0.3403240740740741 0.07305555555555543 0.3898842592592592
4 0.5420138888888889 0.36253472222222227 0.07784722222222236 0.36240740740740734
4 0.593576388888889 0.36788194444444444 0.07622685185185177 0.33115740740740734
4 0.6459722222222222 0.3874537037037037 0.07391203703703705 0.34645833333333337
4 0.6995023148148147 0.38515046296296296 0.08307870370370374 0.4033564814814815
4 0.5421527777777777 0.7537037037037038 0.07046296296296291 0.3398842592592592
4 0.6432291666666666 0.7736111111111111 0.07935185185185176 0.3314814814814815
4 0.5937152777777778 0.7590509259259259 0.07127314814814803 0.3555092592592592
4 0.7918634259259258 0.7246180555555556 0.06798611111111122 0.35206018518518506
4 0.8432638888888888 0.7330902777777778 0.0673379629629629 0.33956018518518505
4 0.8995138888888888 0.738923611111111 0.08344907407407405 0.35055555555555545
4 0.8500231481481482 0.3300694444444444 0.08092592592592603 0.4217824074074074
4 0.8988657407407408 0.3272800925925926 0.07914351851851861 0.3874074074074074
4 0.9662152777777777 0.3311226851851852 0.06173611111111086 0.3514120370370371