3 0.8859375 0.6359375 0.0515625 0.3015625
3 0.8359375 0.63125 0.0515625 0.3125
3 0.784375 0.628125 0.0484375 0.2984375
3 0.7375 0.615625 0.0453125 0.2859375
3 0.6953125 0.609375 0.04375 0.2765625
3 0.6578125 0.60625 0.028125 0.26875
3 0.4796875 0.584375 0.0453125 0.2421875
3 0.4421875 0.58125 0.0328125 0.240625
3 0.4125 0.578125 0.03125 0.2359375
3 0.3828125 0.5703125 0.028125 0.234375
3 0.3546875 0.5734375 0.0296875 0.2328125
3 0.33125 0.5703125 0.0234375 0.2140625
3 0.3 0.5828125 0.0328125 0.1640625
3 0.26875 0.5734375 0.0328125 0.1640625
3 0.2390625 0.571875 0.028125 0.1578125
3 0.2125 0.5734375 0.0234375 0.1578125
3 0.1859375 0.565625 0.0265625 0.1375
3 0.303125 0.475 0.03125 0.06875
3 0.275 0.4734375 0.034375 0.0546875
3 0.240625 0.471875 0.0328125 0.0515625
3 0.2140625 0.46875 0.03125 0.0578125
3 0.184375 0.471875 0.028125 0.053125
3 0.159375 0.4671875 0.0265625 0.0484375
3 0.1578125 0.565625 0.0296875 0.1578125
3 0.134375 0.55625 0.025 0.15
3 0.1125 0.559375 0.0234375 0.14375
3 0.0921875 0.46875 0.0296875 0.0578125
3 0.0734375 0.5515625 0.0234375 0.134375
3 0.05625 0.4625 0.021875 0.04375
3 0.303125 0.278125 0.03125 0.1515625
3 0.2421875 0.2890625 0.028125 0.15
3 0.1890625 0.2984375 0.028125 0.14375
3 0.1625 0.29375 0.0296875 0.1328125
3 0.1140625 0.3015625 0.025 0.1234375
3 0.053125 0.309375 0.021875 0.125
3 0.025 0.3046875 0.034375 0.134375
3 0.0234375 0.2125 0.040625 0.05625
3 0.021875 0.159375 0.0421875 0.0578125
3 0.05625 0.13125 0.025 0.046875
3 0.0984375 0.1234375 0.025 0.0453125
3 0.2203125 0.0875 0.025 0.05
3 0.1921875 0.1484375 0.0296875 0.04375
3 0.14375 0.159375 0.028125 0.04375
3 0.3359375 0.14375 0.021875 0.071875
3 0.3875 0.1359375 0.028125 0.065625
3 0.359375 0.059375 0.03125 0.0640625
3 0.415625 0.0515625 0.0265625 0.0640625
3 0.3015625 0.8875 0.03125 0.225
3 0.35625 0.8984375 0.03125 0.203125
3 0.4140625 0.8984375 0.021875 0.203125
3 0.2296875 0.871875 0.0296875 0.1859375
3 0.175 0.8421875 0.0265625 0.1734375
3 0.125 0.825 0.0234375 0.15625
3 0.0796875 0.8078125 0.025 0.146875