4 0.7353587962962963 0.8237268518518519 0.15233796296296287 0.3525462962962962
4 0.6811226851851853 0.8216261574074075 0.14699074074074084 0.35674768518518507
4 0.6081365740740742 0.8233217592592592 0.14608796296296306 0.3533564814814817
4 0.5515856481481481 0.8154340277777777 0.15384259259259264 0.3691319444444446
4 0.4919097222222222 0.8075462962962963 0.15534722222222222 0.3849074074074075
4 0.4345486111111111 0.8092245370370371 0.14849537037037025 0.3815509259259258
4 0.36504629629629626 0.7984201388888889 0.159375 0.40315972222222224
4 0.2995717592592593 0.7971180555555556 0.168449074074074 0.40576388888888887
4 0.241875 0.773125 0.13287037037037042 0.4138888888888889
4 0.2035648148148148 0.7777546296296297 0.15534722222222222 0.4219212962962963
4 0.14743055555555556 0.742175925925926 0.12372685185185187 0.35113425925925945
4 0.0571875 0.25579861111111113 0.08548611111111111 0.21159722222222221
4 0.10189814814814815 0.25324074074074077 0.10916666666666668 0.23212962962962963
4 0.24841435185185184 0.2775810185185185 0.09990740740740742 0.2003703703703703
4 0.14706018518518518 0.25537037037037036 0.10050925925925927 0.20662037037037032
4 0.2935416666666667 0.45643518518518517 0.09497685185185185 0.18136574074074083
4 0.2018634259259259 0.43811342592592595 0.08097222222222218 0.16472222222222221
4 0.4197106481481482 0.44656250000000003 0.07472222222222236 0.1642129629629629
4 0.5140393518518518 0.29922453703703705 0.08993055555555554 0.19335648148148152
4 0.6727546296296296 0.3214583333333333 0.07219907407407397 0.17020833333333335
4 0.6532291666666666 0.1508912037037037 0.08145833333333333 0.20196759259259256
4 0.6080671296296296 0.14876157407407406 0.09738425925925931 0.20636574074074074
4 0.7058912037037037 0.4884837962962963 0.08025462962962955 0.18946759259259255
4 0.6660763888888889 0.47748842592592594 0.07844907407407398 0.17071759259259256
4 0.6370254629629629 0.3045949074074074 0.08368055555555554 0.19284722222222223
4 0.5936689814814815 0.3212152777777778 0.08458333333333332 0.20222222222222222
4 0.5882523148148149 0.47424768518518523 0.07844907407407398 0.17071759259259256
4 0.621875 0.46923611111111113 0.08187499999999996 0.1740972222222222
4 0.5591435185185185 0.31685185185185183 0.08861111111111111 0.21185185185185187
4 0.5654282407407407 0.1406365740740741 0.08710648148148152 0.19622685185185187
4 0.5279282407407407 0.1375810185185185 0.08710648148148152 0.19622685185185182