6 0.8833680555555556 0.39947916666666666 0.10615740740740734 0.21284722222222224
6 0.9421875 0.38790509259259254 0.1019212962962964 0.19398148148148148
6 0.7989583333333334 0.11134259259259258 0.10983796296296297 0.22233796296296293
6 0.8628356481481483 0.1058449074074074 0.112222222222222 0.20995370370370373
6 0.9199074074074074 0.09950810185185185 0.09696759259259266 0.1990162037037037
6 0.8908333333333334 0.6575810185185185 0.10946759259259267 0.21608796296296298
6 0.7294791666666667 0.12800925925925927 0.053888888888888785 0.06747685185185186
6 0.7595601851851852 0.18640046296296295 0.05150462962962976 0.07986111111111112
6 0.7228009259259259 0.20028935185185182 0.051134259259259275 0.07361111111111107
6 0.6819907407407408 0.1986689814814815 0.05886574074074069 0.09884259259259257
6 0.6384143518518519 0.17679398148148148 0.05481481481481474 0.08310185185185182
6 0.6157291666666667 0.2167824074074074 0.04856481481481474 0.08287037037037041
6 0.587210648148148 0.15833333333333333 0.05150462962962976 0.07986111111111112
6 0.5782291666666667 0.21817129629629628 0.04819444444444443 0.07662037037037042
6 0.5532986111111111 0.1674189814814815 0.051134259259259095 0.07361111111111107
6 0.5456944444444444 0.22407407407407404 0.05812500000000007 0.08634259259259255
6 0.3947569444444444 0.18738425925925925 0.05168981481481474 0.08298611111111107
6 0.31848379629629625 0.22152777777777777 0.047824074074074116 0.07037037037037042
6 0.3486342592592592 0.22824074074074074 0.034212962962963014 0.05115740740740744
6 0.2506597222222222 0.23969907407407404 0.04395833333333332 0.057754629629629586
6 0.39542824074074073 0.2515625 0.04414351851851848 0.06087962962962958
6 0.3398263888888889 0.2645833333333333 0.04414351851851848 0.06087962962962958
6 0.27475694444444443 0.2763888888888889 0.041018518518518475 0.06076388888888893
6 0.7727083333333333 0.40827546296296297 0.061435185185185225 0.08958333333333321
6 0.7324537037037038 0.41603009259259255 0.05500000000000007 0.0862268518518519
6 0.6969791666666667 0.42517361111111107 0.05076388888888896 0.06736111111111107
6 0.6596643518518519 0.4296875 0.044513888888888783 0.06712962962962958
6 0.6896527777777778 0.48651620370370374 0.05131944444444443 0.07673611111111107
6 0.6584027777777777 0.48767361111111107 0.055185185185185046 0.0893518518518519
6 0.6808449074074074 0.7342592592592593 0.05574074074074069 0.0987268518518519
6 0.7181597222222222 0.7297453703703705 0.05224537037037038 0.09236111111111107
6 0.6804398148148147 0.6481481481481481 0.05537037037037038 0.09247685185185191
6 0.7213425925925926 0.6513310185185185 0.05425925925925927 0.0737268518518519
6 0.7967361111111112 0.7080439814814815 0.05886574074074069 0.09884259259259257
6 0.7584722222222222 0.6436921296296296 0.05168981481481474 0.08298611111111107
6 0.843611111111111 0.7063078703703705 0.06217592592592567 0.10208333333333322
6 0.9492013888888888 0.6648148148148149 0.0984259259259261 0.18761574074074083
6 0.9765046296296296 0.6519675925925925 0.04699074074074083 0.22175925925925916
6 0.4862962962962962 0.3844328703703704 0.055925925925926025 0.10185185185185182
6 0.4807175925925926 0.44884259259259257 0.048379629629629585 0.07974537037037024
6 0.4708217592592593 0.5196759259259259 0.06530092592592603 0.10219907407407405
6 0.5652662037037037 0.42222222222222217 0.06972222222222228 0.12418981481481488
6 0.5465509259259259 0.5027777777777778 0.049120370370370384 0.09224537037037042
6 0.6157523148148148 0.4814236111111111 0.05555555555555554 0.09560185185185191
6 0.6008333333333333 0.4146412037037037 0.06456018518518505 0.08969907407407404