4 0.6817245370370371 0.5508333333333333 0.07050925925925924 0.14125000000000015
4 0.6511689814814815 0.5292708333333334 0.07655092592592609 0.16958333333333328
4 0.5964467592592593 0.3960416666666667 0.07277777777777779 0.16312500000000005
4 0.46783564814814815 0.39989583333333334 0.0641435185185184 0.10979166666666665
4 0.5262731481481481 0.5234375 0.06770833333333322 0.14416666666666664
4 0.5633101851851852 0.3951041666666667 0.0787037037037038 0.1604166666666666
4 0.5037731481481481 0.3975 0.07395833333333321 0.14458333333333337
4 0.5559375 0.8550000000000001 0.07590277777777779 0.16333333333333327
4 0.5203240740740741 0.8605208333333334 0.09034722222222218 0.18291666666666656
4 0.6155324074074074 0.8683333333333334 0.07590277777777779 0.16333333333333327
4 0.9483796296296296 0.5582291666666667 0.07460648148148152 0.1508333333333333
4 0.9738599537037036 0.5776041666666666 0.05228009259259281 0.15124999999999994
4 0.9739236111111111 0.44208333333333333 0.052152777777777715 0.15166666666666676
4 0.8457291666666666 0.5241666666666667 0.06953703703703695 0.13187500000000013
4 0.9148611111111112 0.5384375 0.07708333333333357 0.1447916666666668
4 0.8275 0.8793749999999999 0.07740740740740755 0.14791666666666642
4 0.7224999999999999 0.07927083333333333 0.059837962962962975 0.128125
4 0.7528356481481481 0.08354166666666667 0.06706018518518526 0.13791666666666663
4 0.7845717592592593 0.08614583333333334 0.06738425925925924 0.14104166666666668
4 0.8191087962962964 0.08541666666666667 0.06641203703703695 0.13166666666666665
4 0.8497685185185185 0.0928125 0.06081018518518526 0.1375
4 0.8794560185185187 0.09083333333333335 0.06361111111111128 0.13458333333333333
4 0.9116782407407407 0.098125 0.06361111111111128 0.13458333333333333
4 0.9432523148148148 0.09916666666666667 0.06393518518518526 0.13770833333333332