5 0.8030324074074073 0.8051273148148148 0.07736111111111121 0.12381944444444457
5 0.7408912037037038 0.7944328703703704 0.0719444444444445 0.06756944444444457
5 0.9932175925925926 0.8067361111111111 0.013564814814814951 0.16673611111111092
5 0.9642708333333333 0.8034837962962962 0.0482175925925926 0.14476851851851863
5 0.30865740740740744 0.6505439814814815 0.08025462962962963 0.1862268518518519
5 0.37398148148148147 0.6454745370370369 0.07532407407407415 0.16738425925925923
5 0.44329861111111113 0.6167824074074074 0.07682870370370373 0.18300925925925923
5 0.23086805555555556 0.6888888888888889 0.10266203703703702 0.12768518518518518
5 0.19118055555555555 0.3092939814814815 0.09870370370370374 0.18365740740740738
5 0.12564814814814815 0.3284722222222222 0.0643287037037037 0.18263888888888893
5 0.48685185185185187 0.2879976851851852 0.08932870370370374 0.18337962962962964
5 0.5696412037037037 0.33412037037037035 0.11305555555555565 0.1061805555555555
5 0.2695486111111111 0.32577546296296295 0.09557870370370374 0.18356481481481488
5 0.3225925925925926 0.17690972222222223 0.06046296296296294 0.04541666666666666
5 0.253275462962963 0.20560185185185187 0.0813194444444445 0.06784722222222221
5 0.34460648148148143 0.30788194444444444 0.07652777777777775 0.17988425925925924