2 0.23877314814814815 0.4570601851851852 0.029699074074074083 0.13618055555555558
2 0.25934027777777774 0.4621412037037037 0.03620370370370374 0.13990740740740737
2 0.28108796296296296 0.46268518518518514 0.03983796296296296 0.14645833333333336
4 0.2102662037037037 0.44966435185185183 0.0458333333333333 0.14393518518518517
4 0.18488425925925928 0.44256944444444446 0.03671296296296296 0.14615740740740737
4 0.15832175925925926 0.4400115740740741 0.046087962962962956 0.14706018518518515
4 0.13631944444444444 0.43634259259259256 0.03569444444444443 0.13365740740740756
2 0.11431712962962963 0.4326736111111111 0.03231481481481482 0.13023148148148156
2 0.09244212962962964 0.4305671296296296 0.03645833333333335 0.14303240740740736
2 0.10613425925925926 0.3512731481481482 0.029837962962962948 0.06178240740740737
2 0.12619212962962964 0.35010416666666666 0.02747685185185187 0.07085648148148146
2 0.07056712962962963 0.42846064814814816 0.035949074074074085 0.13678240740740738
2 0.04987268518518519 0.4218171296296296 0.03282407407407406 0.13648148148148137
2 0.06174768518518518 0.33924768518518517 0.02958333333333334 0.058657407407407366
2 0.08231481481481481 0.3443287037037037 0.02671296296296295 0.06148148148148156
2 0.24555555555555558 0.10270833333333333 0.04557870370370374 0.1408101851851852
2 0.22199074074074074 0.09888888888888889 0.0364583333333333 0.1430324074074074
2 0.10869212962962964 0.0972800925925926 0.03129629629629629 0.11773148148148149
2 0.08994212962962962 0.09547453703703704 0.03416666666666668 0.11490740740740742
2 0.07131944444444445 0.09523148148148149 0.033912037037037025 0.11178240740740741
2 0.05087962962962963 0.09171296296296297 0.033912037037037046 0.11178240740740741
4 0.1286226851851852 0.0945486111111111 0.034930555555555555 0.12428240740740741
4 0.1491898148148148 0.09962962962962962 0.034930555555555555 0.12428240740740741
4 0.17131944444444444 0.10486111111111111 0.03442129629629629 0.11803240740740742
4 0.028877314814814814 0.08804398148148149 0.03391203703703703 0.11178240740740739
4 0.013252314814814814 0.08653935185185185 0.021412037037037035 0.1105787037037037