2 0.0984375 0.4953125 0.0265625 0.128125
2 0.1015625 0.3609375 0.0328125 0.1296875
2 0.1265625 0.4953125 0.0296875 0.1390625
2 0.128125 0.359375 0.028125 0.1296875
2 0.15625 0.3625 0.0265625 0.125
2 0.1578125 0.4921875 0.0296875 0.13125
2 0.2375 0.3703125 0.0265625 0.1203125
2 0.2609375 0.3703125 0.0265625 0.11875
2 0.2375 0.490625 0.028125 0.1265625
2 0.2625 0.4890625 0.0265625 0.128125
2 0.309375 0.36875 0.025 0.1171875
2 0.3125 0.4875 0.025 0.125
2 0.3578125 0.36875 0.0234375 0.11875
2 0.359375 0.4859375 0.0234375 0.1171875
2 0.396875 0.375 0.021875 0.1140625
2 0.403125 0.4859375 0.021875 0.10625
2 0.4421875 0.371875 0.0265625 0.1140625
2 0.4609375 0.371875 0.0234375 0.1109375
2 0.446875 0.48125 0.0265625 0.115625
2 0.46875 0.484375 0.0203125 0.115625
2 0.4953125 0.3734375 0.01875 0.1125
2 0.50625 0.4796875 0.01875 0.109375
2 0.5390625 0.478125 0.0203125 0.1015625
2 0.5546875 0.3765625 0.0203125 0.115625
2 0.590625 0.3703125 0.0171875 0.1109375
2 0.578125 0.4765625 0.0234375 0.1078125
2 0.596875 0.471875 0.021875 0.109375
2 0.68125 0.3375 0.0171875 0.075
2 0.6578125 0.3359375 0.0234375 0.0703125
2 0.6578125 0.4125 0.0265625 0.06875
2 0.659375 0.4859375 0.0265625 0.075
2 0.6203125 0.4828125 0.021875 0.0703125
2 0.634375 0.4140625 0.0265625 0.071875
2 0.634375 0.34375 0.0234375 0.075
4 0.7171875 0.4125 0.01875 0.203125
4 0.715625 0.1125 0.0375 0.225
4 0.746875 0.1203125 0.028125 0.234375
4 0.771875 0.1203125 0.028125 0.2375
4 0.846875 0.7375 0.01875 0.115625
4 0.8609375 0.73125 0.0203125 0.121875
4 0.7390625 0.4046875 0.034375 0.2203125
2 0.8703125 0.1359375 0.0328125 0.215625
2 0.8953125 0.1421875 0.0265625 0.221875
2 0.825 0.1375 0.028125 0.2109375
2 0.84375 0.140625 0.0171875 0.20625
2 0.7984375 0.1265625 0.025 0.2265625
4 0.9234375 0.25625 0.0046875 0.0015625
4 0.9296875 0.1921875 0.028125 0.1171875
4 0.9546875 0.1578125 0.0203125 0.16875
4 0.9734375 0.153125 0.0234375 0.1625