2 0.453125 0.41875 0.0234375 0.0828125
2 0.453125 0.4953125 0.0203125 0.071875
2 0.453125 0.334375 0.0203125 0.084375
2 0.4640625 0.7609375 0.0234375 0.0734375
2 0.4625 0.675 0.021875 0.08125
2 0.4828125 0.6671875 0.028125 0.0890625
2 0.484375 0.7484375 0.0234375 0.0734375
4 0.6078125 0.41875 0.0125 0.0578125
4 0.6171875 0.41875 0.0125 0.0625
4 0.5921875 0.353125 0.0203125 0.0625
4 0.5984375 0.421875 0.0125 0.0703125
4 0.6078125 0.4828125 0.0125 0.059375
4 0.61875 0.4796875 0.0109375 0.0578125
4 0.596875 0.484375 0.009375 0.0546875
4 0.60625 0.353125 0.0140625 0.0640625
4 0.61875 0.35625 0.0109375 0.059375
2 0.425 0.0953125 0.021875 0.090625
2 0.425 0.1703125 0.021875 0.0859375
2 0.40625 0.084375 0.0203125 0.0796875
2 0.4265625 0.028125 0.0203125 0.05625
2 0.4078125 0.0265625 0.0203125 0.0453125