4 0.6228819444444444 0.4256018518518518 0.09131944444444447 0.3043981481481481
4 0.5848958333333334 0.43292824074074077 0.08888888888888893 0.3197222222222223
4 0.5423611111111111 0.4366782407407408 0.08166666666666664 0.2972453703703703
4 0.5020486111111111 0.4610416666666667 0.09812499999999993 0.31750000000000006
4 0.3294097222222222 0.4616782407407407 0.08506944444444446 0.3037962962962963
4 0.24739583333333334 0.47104166666666664 0.084375 0.2881712962962963
4 0.2625 0.802025462962963 0.09930555555555554 0.2740509259259259
4 0.33663194444444444 0.7934722222222222 0.09319444444444444 0.2765740740740741
4 0.49045138888888895 0.7925925925925925 0.097013888888889 0.2925000000000001
4 0.5764583333333333 0.7993055555555555 0.09375 0.28907407407407426
4 0.3557638888888889 0.1864699074074074 0.04930555555555553 0.12921296296296297
4 0.33375000000000005 0.1874884259259259 0.04861111111111107 0.11358796296296295
4 0.3904861111111111 0.1819675925925926 0.04847222222222225 0.11046296296296294
4 0.4188888888888889 0.17842592592592593 0.04534722222222225 0.11016203703703704
4 0.4483680555555555 0.18597222222222223 0.04875000000000007 0.11671296296296299
4 0.47541666666666665 0.17759259259259258 0.04847222222222225 0.11046296296296299