6 0.1359375 0.4875 0.0625 0.2015625
6 0.075 0.4875 0.0625 0.184375
6 0.15625 0.190625 0.0640625 0.2125
6 0.0921875 0.196875 0.0703125 0.196875
6 0.034375 0.19375 0.0515625 0.20625
6 0.184375 0.7421875 0.0671875 0.2046875
6 0.228125 0.19375 0.040625 0.059375
6 0.2109375 0.25625 0.0375 0.071875
6 0.25 0.2625 0.0375 0.065625
6 0.290625 0.253125 0.040625 0.0921875
6 0.328125 0.2234375 0.0375 0.075
6 0.359375 0.2578125 0.0328125 0.0765625
6 0.3734375 0.1953125 0.0359375 0.0734375
6 0.3953125 0.253125 0.034375 0.071875
6 0.409375 0.1984375 0.0359375 0.0671875
6 0.4296875 0.2515625 0.040625 0.0796875
6 0.56875 0.1875 0.0359375 0.075
6 0.6515625 0.2046875 0.0328125 0.065625
6 0.6234375 0.2171875 0.0234375 0.0484375
6 0.721875 0.209375 0.034375 0.0515625
6 0.5828125 0.25 0.0328125 0.05625
6 0.6390625 0.2515625 0.03125 0.0546875
6 0.70625 0.25 0.0296875 0.0546875
6 0.2453125 0.475 0.0453125 0.0828125
6 0.2875 0.475 0.0375 0.078125
6 0.3234375 0.4765625 0.0390625 0.0609375
6 0.3609375 0.475 0.0328125 0.0625
6 0.34375 0.5359375 0.0359375 0.0703125
6 0.375 0.53125 0.0359375 0.084375
6 0.40625 0.7765625 0.0375 0.0921875
6 0.36875 0.778125 0.034375 0.0875
6 0.3875 0.6921875 0.0375 0.084375
6 0.3484375 0.703125 0.0390625 0.0671875
6 0.2875 0.771875 0.0390625 0.090625
6 0.3109375 0.703125 0.034375 0.0765625
6 0.240625 0.7796875 0.040625 0.0953125
6 0.128125 0.759375 0.059375 0.178125
6 0.0734375 0.759375 0.0546875 0.2125
6 0.521875 0.396875 0.034375 0.096875
6 0.540625 0.459375 0.0328125 0.0734375
6 0.565625 0.5265625 0.04375 0.09375
6 0.4515625 0.4484375 0.04375 0.115625
6 0.4875 0.5234375 0.0296875 0.0859375
6 0.415625 0.5171875 0.0359375 0.090625
6 0.415625 0.4484375 0.0484375 0.08125