3 0.9210416666666668 0.49759259259259264 0.06416666666666657 0.16877314814814817
3 0.8892708333333333 0.49163194444444447 0.07083333333333322 0.17539351851851848
3 0.8282291666666666 0.4936805555555555 0.057916666666666575 0.16840277777777785
3 0.7778125 0.49039351851851853 0.06145833333333339 0.174837962962963
3 0.7224999999999999 0.4842592592592593 0.05124999999999993 0.16178240740740737
3 0.6737500000000001 0.4824421296296296 0.06125000000000007 0.171712962962963
3 0.6203125 0.4809027777777778 0.057916666666666575 0.16840277777777785
3 0.5934375 0.47778935185185184 0.05770833333333343 0.16527777777777786
3 0.57125 0.4743981481481481 0.06125000000000007 0.171712962962963
3 0.5444791666666667 0.4728472222222222 0.06437500000000007 0.17189814814814816
3 0.48947916666666663 0.47140046296296295 0.06104166666666657 0.16858796296296302
3 0.4390625 0.468113425925926 0.061875000000000034 0.18108796296296284
3 0.38812499999999994 0.4570138888888889 0.06166666666666672 0.17796296296296302
3 0.47843749999999996 0.7293171296296296 0.06875 0.19083333333333333
3 0.4497916666666667 0.7231712962962963 0.06541666666666668 0.18752314814814816
3 0.42000000000000004 0.7233680555555555 0.06583333333333333 0.19377314814814817
3 0.39479166666666665 0.7217245370370371 0.06208333333333327 0.18421296296296283
3 0.3440625 0.71375 0.055208333333333394 0.1744675925925927
3 0.5673958333333333 0.13422453703703704 0.038541666666666606 0.06453703703703706
3 0.5941666666666666 0.13577546296296297 0.03874999999999993 0.06766203703703706
3 0.5729166666666666 0.07585648148148148 0.038541666666666786 0.06453703703703703
3 0.5979166666666667 0.074375 0.035416666666666784 0.06435185185185184
3 0.621875 0.08079861111111111 0.03833333333333329 0.061412037037037036
3 0.619375 0.1374189814814815 0.038541666666666786 0.06453703703703702
3 0.6461458333333333 0.13896990740740742 0.035416666666666784 0.06435185185185181
3 0.64875 0.08391203703703705 0.04166666666666678 0.06472222222222221
3 0.5408333333333333 0.1357986111111111 0.03874999999999993 0.06766203703703702
3 0.5208333333333334 0.09462962962962963 0.02666666666666657 0.026481481481481484
3 0.5155208333333333 0.1325925925925926 0.03874999999999993 0.06766203703703706
3 0.49906249999999996 0.09748842592592594 0.02624999999999993 0.020231481481481482
3 0.49052083333333335 0.13407407407407407 0.03541666666666661 0.06435185185185185
3 0.47385416666666663 0.0958449074074074 0.02937499999999993 0.02041666666666666
3 0.46520833333333333 0.13086805555555556 0.03499999999999996 0.058101851851851814
3 0.44000000000000006 0.12922453703703704 0.035208333333333286 0.06122685185185186
3 0.45177083333333334 0.0940162037037037 0.02312499999999993 0.020046296296296284
3 0.40406250000000005 0.10782407407407409 0.031874999999999966 0.05791666666666666
3 0.37885416666666666 0.10618055555555557 0.03166666666666664 0.05479166666666666
3 0.35666666666666663 0.10278935185185185 0.03166666666666664 0.05479166666666666
3 0.33479166666666665 0.10408564814814816 0.03499999999999996 0.058101851851851814
3 0.3076041666666667 0.09628472222222223 0.038541666666666606 0.06453703703703703
3 0.27468750000000003 0.21431712962962962 0.05333333333333332 0.1463425925925926
3 0.2240625 0.20790509259259257 0.05687499999999997 0.15277777777777776
3 0.328125 0.21585648148148148 0.0572916666666667 0.15902777777777777
3 0.3798958333333333 0.2159259259259259 0.06104166666666675 0.16858796296296302
3 0.43239583333333337 0.22693287037037035 0.05666666666666664 0.14965277777777777