5 0.9180787037037037 0.648125 0.1156944444444445 0.22312499999999993
5 0.9736574074074074 0.35072916666666665 0.05268518518518519 0.09437499999999996
5 0.9613773148148148 0.6544791666666667 0.07724537037037038 0.22437500000000005
5 0.34476851851851853 0.5131249999999999 0.1319212962962963 0.2647916666666667
5 0.2776736111111111 0.5148958333333333 0.10259259259259261 0.18166666666666664
5 0.1864236111111111 0.4666666666666667 0.10604166666666667 0.20374999999999996
5 0.4873263888888889 0.12614583333333335 0.12446759259259252 0.18312500000000004
5 0.42333333333333334 0.1265625 0.10291666666666668 0.20354166666666665
5 0.35129629629629633 0.11083333333333334 0.13384259259259262 0.18375000000000002
5 0.24674768518518517 0.11322916666666667 0.09340277777777777 0.19354166666666667
5 0.5539120370370371 0.9128125 0.1280555555555555 0.17437499999999986
5 0.33458333333333334 0.8792708333333333 0.106550925925926 0.23812499999999978
5 0.47420138888888885 0.9085416666666667 0.13122685185185184 0.18291666666666656
5 0.19081018518518517 0.868125 0.09009259259259257 0.18083333333333335
5 0.05112268518518519 0.8166666666666668 0.08104166666666668 0.20208333333333356
5 0.09929398148148148 0.48583333333333334 0.11252314814814815 0.2197916666666666
5 0.04150462962962963 0.4835416666666667 0.07162037037037036 0.19833333333333342