5 0.7109375 0.7328125 0.06875 0.0421875
5 0.7125 0.659375 0.0265625 0.06875
5 0.675 0.675 0.028125 0.0703125
5 0.6453125 0.75625 0.0359375 0.0953125
5 0.60625 0.721875 0.04375 0.0609375
5 0.728125 0.440625 0.05625 0.178125
5 0.590625 0.41875 0.059375 0.228125
5 0.6796875 0.428125 0.0390625 0.1796875
5 0.853125 0.45 0.05625 0.171875
5 0.796875 0.446875 0.0578125 0.16875
5 0.921875 0.478125 0.08125 0.115625
5 0.9640625 0.459375 0.0671875 0.096875
5 0.9578125 0.7203125 0.075 0.1203125
5 0.8796875 0.7453125 0.0609375 0.09375
5 0.453125 0.6421875 0.0921875 0.0625
5 0.3796875 0.6546875 0.0640625 0.1078125
5 0.3296875 0.60625 0.0421875 0.115625
5 0.3 0.721875 0.0390625 0.0640625
5 0.2859375 0.5921875 0.04375 0.046875
5 0.278125 0.6546875 0.053125 0.0546875
5 0.090625 0.6703125 0.053125 0.1578125
5 0.19375 0.6859375 0.0359375 0.1453125
5 0.1453125 0.6828125 0.05 0.159375