4 0.4681828703703704 0.30909722222222225 0.08108796296296301 0.20752314814814818
4 0.5571064814814815 0.3098958333333333 0.07446759259259253 0.1819212962962963
4 0.5150578703703703 0.3045833333333333 0.06546296296296301 0.20601851851851852
4 0.6023958333333332 0.30709490740740736 0.07483796296296283 0.2069212962962963
4 0.5974189814814814 0.6430324074074074 0.06490740740740737 0.16851851851851868
5 0.3763194444444445 0.5067361111111112 0.10370370370370371 0.2596296296296295
5 0.31104166666666666 0.48961805555555554 0.1094444444444445 0.22585648148148146
5 0.23662037037037037 0.45777777777777773 0.09354166666666668 0.20560185185185187
5 0.1960648148148148 0.4570023148148148 0.08421296296296296 0.20782407407407408
5 0.1524074074074074 0.45496527777777773 0.08416666666666668 0.2046990740740741
5 0.38430555555555557 0.8102199074074073 0.10034722222222223 0.24370370370370367
5 0.3314814814814815 0.7950231481481482 0.09391203703703699 0.23060185185185186
5 0.2013888888888889 0.729537037037037 0.10608796296296301 0.20993055555555545