2 0.751099537037037 0.5621759259259259 0.09293981481481488 0.2912962962962963
2 0.6483796296296296 0.294375 0.09259259259259274 0.2447222222222222
2 0.6078703703703704 0.296724537037037 0.08969907407407404 0.2475462962962963
2 0.5744791666666667 0.30769675925925927 0.09641203703703702 0.2543981481481481
2 0.8152777777777779 0.051446759259259255 0.09444444444444429 0.10289351851851851
2 0.7550925925925925 0.06509259259259259 0.08981481481481488 0.13018518518518518
2 0.7056712962962963 0.05406828703703703 0.08078703703703702 0.10813657407407407
2 0.6459490740740741 0.06005208333333334 0.08101851851851852 0.12010416666666668
2 0.5916666666666666 0.06714699074074074 0.07384259259259274 0.13429398148148147
2 0.545775462962963 0.07270833333333333 0.05196759259259256 0.14541666666666667
0 0.7570023148148148 0.8175810185185185 0.06886574074074084 0.1338425925925925
0 0.7211805555555555 0.8194791666666668 0.06979166666666678 0.14634259259259252
0 0.6816550925925926 0.8294907407407408 0.06956018518518511 0.14321759259259254
0 0.6390046296296296 0.8398032407407408 0.06643518518518512 0.14291666666666672
0 0.6005787037037036 0.8559143518518517 0.05613425925925917 0.12951388888888893
0 0.4960648148148149 0.8845949074074074 0.05856481481481488 0.12043981481481474
0 0.47853009259259255 0.6396180555555556 0.11342592592592596 0.35842592592592587
0 0.44733796296296297 0.2439236111111111 0.11932870370370363 0.3962268518518518
4 0.3987268518518518 0.271875 0.12349537037037042 0.36870370370370364
4 0.3468171296296297 0.2815277777777777 0.11493055555555554 0.33685185185185185
4 0.29386574074074073 0.30524305555555553 0.11585648148148149 0.34935185185185186
4 0.24085648148148148 0.30879629629629635 0.13252314814814808 0.40680555555555553
4 0.39189814814814816 0.6572685185185186 0.1125 0.34592592592592586
4 0.2903935185185185 0.6872106481481481 0.11805555555555554 0.33715277777777786
4 0.3398726851851852 0.6684837962962963 0.11365740740740744 0.36155092592592586
4 0.14074074074074075 0.6550810185185185 0.11006944444444447 0.3550000000000001
4 0.09016203703703703 0.6677083333333333 0.109375 0.3456249999999999
4 0.04814814814814815 0.6778125 0.0962962962962963 0.35337962962962965
4 0.09178240740740741 0.26885416666666667 0.13078703703703703 0.4252546296296297
4 0.053009259259259256 0.2721064814814815 0.10601851851851851 0.39087962962962963
4 0.011689814814814814 0.27818287037037037 0.02337962962962963 0.34988425925925926