5 0.6264236111111111 0.6034722222222222 0.14534722222222224 0.2527777777777779
5 0.7058101851851852 0.6125 0.15856481481481488 0.22893518518518513
5 0.8154513888888889 0.6505208333333334 0.1410185185185185 0.2400462962962962
5 0.5531134259259259 0.946412037037037 0.1425694444444444 0.10717592592592595
4 0.5766087962962964 0.3527199074074074 0.1201620370370371 0.21678240740740734
4 0.537789351851852 0.3309606481481482 0.11956018518518512 0.21053240740740745
4 0.4949421296296297 0.31834490740740745 0.11643518518518511 0.21030092592592595
4 0.4544097222222222 0.29803240740740744 0.11763888888888889 0.22280092592592596
4 0.410150462962963 0.28373842592592596 0.11986111111111111 0.21365740740740743
4 0.35649305555555555 0.43240740740740746 0.09449074074074071 0.14351851851851852
4 0.395462962962963 0.4526041666666667 0.10104166666666661 0.14710648148148148
4 0.4448611111111111 0.46255787037037044 0.09479166666666661 0.1466435185185185
4 0.4808564814814815 0.4809606481481482 0.0919675925925926 0.14953703703703702
4 0.27163194444444444 0.6763310185185185 0.10122685185185185 0.18125
4 0.31493055555555555 0.6842592592592592 0.10555555555555554 0.19398148148148148
4 0.3549537037037037 0.6935185185185185 0.10615740740740742 0.20023148148148148
4 0.39109953703703704 0.7103587962962963 0.10465277777777775 0.18460648148148148
4 0.4303703703703704 0.7274305555555556 0.10062499999999996 0.175
4 0.3866319444444445 0.8548032407407409 0.0910648148148148 0.14016203703703703
4 0.34847222222222224 0.8425347222222224 0.08481481481481482 0.13969907407407406
4 0.31202546296296296 0.8288194444444444 0.0913657407407408 0.14328703703703702
4 0.2707407407407407 0.8163194444444445 0.08018518518518522 0.12384259259259274
4 0.23146990740740742 0.7992476851851853 0.07675925925925924 0.12048611111111107
4 0.5237037037037038 0.49357638888888894 0.09287037037037038 0.15891203703703702
5 0.4851157407407408 0.9366319444444444 0.11282407407407398 0.12673611111111108
5 0.7139583333333334 0.9697337962962962 0.13300925925925924 0.06053240740740762
5 0.8812268518518518 0.6538194444444445 0.1392129629629629 0.22129629629629619