3 0.9194791666666667 0.5079976851851852 0.09298611111111085 0.24122685185185197
3 0.8428125000000002 0.49313657407407413 0.09270833333333357 0.23810185185185198
3 0.7346180555555556 0.4767708333333333 0.07541666666666665 0.2185416666666667
3 0.7692708333333333 0.47811342592592593 0.07513888888888882 0.21541666666666667
3 0.7012499999999999 0.4722222222222222 0.07909722222222229 0.22495370370370366
3 0.6370833333333333 0.456712962962963 0.07118055555555554 0.2058796296296297
3 0.5765972222222222 0.44729166666666664 0.06638888888888879 0.18696759259259252
3 0.4655555555555555 0.434212962962963 0.06298611111111115 0.18368055555555554
3 0.3869097222222222 0.4147453703703704 0.055347222222222214 0.16773148148148137
3 0.3318055555555556 0.41289351851851847 0.05986111111111114 0.18351851851851855
3 0.25625 0.41053240740740743 0.06270833333333332 0.18055555555555552
3 0.16836805555555556 0.39311342592592596 0.057638888888888885 0.15851851851851856
3 0.11368055555555556 0.39594907407407404 0.05625 0.14289351851851856
3 0.14364583333333333 0.3975347222222222 0.056527777777777774 0.14601851851851855
3 0.2906944444444445 0.029456018518518517 0.08138888888888891 0.058912037037037034
3 0.2920486111111111 0.0539236111111111 0.08166666666666664 0.07888888888888887
3 0.2474652777777778 0.046817129629629625 0.036250000000000074 0.05787037037037037
3 0.24684027777777776 0.011273148148148147 0.0374305555555555 0.022546296296296293
3 0.22354166666666667 0.013483796296296296 0.04083333333333332 0.02696759259259259
3 0.22288194444444445 0.052800925925925925 0.044166666666666646 0.07694444444444445
3 0.20010416666666667 0.014050925925925925 0.03770833333333332 0.02810185185185185
3 0.17809027777777778 0.012974537037037038 0.031180555555555545 0.025949074074074076
3 0.44729166666666664 0.052152777777777784 0.043611111111111 0.07069444444444443
3 0.4734375 0.046087962962962956 0.04673611111111118 0.07085648148148149
3 0.5001388888888888 0.04627314814814815 0.043888888888889 0.07381944444444444
3 0.3904166666666667 0.15399305555555556 0.05368055555555547 0.14898148148148152
3 0.34069444444444447 0.15971064814814814 0.055347222222222214 0.16773148148148148
3 0.17652777777777778 0.14938657407407407 0.04631944444444445 0.1361574074074074
3 0.21784722222222222 0.1550925925925926 0.056805555555555554 0.1491435185185185
3 0.2686805555555556 0.161875 0.05506944444444439 0.16460648148148146
3 0.47034722222222225 0.7353472222222223 0.06916666666666664 0.21821759259259252
3 0.40760416666666666 0.7181944444444444 0.06291666666666665 0.21789351851851854
3 0.3796527777777778 0.7039467592592593 0.06437499999999999 0.19930555555555554
3 0.3252777777777778 0.6926388888888889 0.061527777777777806 0.20226851851851854
3 0.20618055555555553 0.6595717592592593 0.060138888888888874 0.18664351851851854
3 0.10850694444444446 0.6379513888888889 0.06416666666666666 0.16196759259259252