2 0.409375 0.4234375 0.065625 0.103125
2 0.6 0.4234375 0.0671875 0.096875
2 0.5359375 0.421875 0.0671875 0.1015625
2 0.3328125 0.421875 0.0890625 0.10625
2 0.1046875 0.4203125 0.0859375 0.1109375
2 0.128125 0.2453125 0.0984375 0.125
2 0.046875 0.246875 0.084375 0.1203125
2 0.353125 0.2546875 0.0875 0.1171875
2 0.4984375 0.2609375 0.0734375 0.109375
2 0.6265625 0.2609375 0.078125 0.1140625
2 0.7703125 0.2640625 0.0734375 0.1140625
2 0.546875 0.5421875 0.0921875 0.1
2 0.7203125 0.5421875 0.0796875 0.0921875