5 0.265625 0.81875 0.0609375 0.11875
5 0.3265625 0.8078125 0.0640625 0.0640625
5 0.05625 0.81875 0.03125 0.165625
5 0.1046875 0.815625 0.028125 0.1421875
5 0.7484375 0.6671875 0.05625 0.18125
5 0.6828125 0.6609375 0.053125 0.1640625
5 0.6125 0.6328125 0.053125 0.178125
5 0.8296875 0.7046875 0.0875 0.1234375
5 0.8453125 0.3265625 0.0765625 0.1796875
5 0.9125 0.3453125 0.0390625 0.18125
5 0.5484375 0.303125 0.0671875 0.1796875
5 0.46875 0.3484375 0.0984375 0.1
5 0.76875 0.3421875 0.0734375 0.178125
5 0.70625 0.1921875 0.0546875 0.0421875
5 0.7765625 0.221875 0.0734375 0.0625
5 0.6921875 0.3234375 0.053125 0.175