5 0.91875 0.5 0.071875 0.2046875
5 0.940625 0.1890625 0.0875 0.0734375
5 0.9734375 0.49375 0.053125 0.2125
5 0.3390625 0.525 0.0796875 0.2453125
5 0.275 0.5453125 0.0671875 0.165625
5 0.1765625 0.521875 0.065625 0.1859375
5 0.4015625 0.10625 0.0890625 0.1609375
5 0.3390625 0.1203125 0.059375 0.1953125
5 0.2640625 0.1109375 0.090625 0.1984375
5 0.1671875 0.159375 0.0546875 0.18125
5 0.625 0.890625 0.0828125 0.2140625
5 0.4 0.8875 0.05625 0.225
5 0.5453125 0.8984375 0.0875 0.203125
5 0.259375 0.915625 0.053125 0.16875
5 0.109375 0.9046875 0.0515625 0.190625
5 0.096875 0.565625 0.0703125 0.2015625
5 0.0296875 0.5828125 0.053125 0.1859375