3 0.8015625 0.55625 0.0484375 0.2828125
3 0.7546875 0.546875 0.0484375 0.275
3 0.7109375 0.54375 0.0484375 0.275
3 0.5578125 0.51875 0.046875 0.2140625
3 0.59375 0.5234375 0.0328125 0.21875
3 0.409375 0.5015625 0.021875 0.16875
3 0.428125 0.5 0.0203125 0.1859375
3 0.45 0.503125 0.0265625 0.1953125
3 0.4734375 0.50625 0.0234375 0.2078125
3 0.496875 0.5078125 0.0265625 0.2125
3 0.5234375 0.5140625 0.0265625 0.2109375
3 0.3875 0.5015625 0.021875 0.1671875
3 0.36875 0.4984375 0.01875 0.1609375
3 0.3515625 0.4953125 0.01875 0.159375
3 0.3359375 0.49375 0.0171875 0.1578125
3 0.3203125 0.4875 0.0171875 0.1546875
3 0.3046875 0.4875 0.015625 0.1484375
3 0.290625 0.484375 0.0140625 0.14375
3 0.278125 0.48125 0.0109375 0.1421875
3 0.2671875 0.48125 0.0109375 0.1421875
3 0.25625 0.4796875 0.0140625 0.1328125
3 0.24375 0.4765625 0.0109375 0.1328125
3 0.2328125 0.475 0.0125 0.1296875
3 0.203125 0.46875 0.0296875 0.13125
3 0.2234375 0.471875 0.009375 0.13125
3 0.1515625 0.6484375 0.0203125 0.1328125
3 0.171875 0.66875 0.0125 0.1296875
3 0.18125 0.6703125 0.0125 0.13125
3 0.1953125 0.678125 0.0125 0.1421875
3 0.2140625 0.6875 0.015625 0.15
3 0.2265625 0.690625 0.015625 0.1484375
3 0.3546875 0.775 0.03125 0.184375
3 0.33125 0.759375 0.01875 0.1828125
3 0.31875 0.7515625 0.01875 0.1703125
3 0.3859375 0.79375 0.025 0.196875
3 0.409375 0.803125 0.025 0.2125
3 0.4328125 0.8171875 0.025 0.2234375
3 0.45625 0.8296875 0.0265625 0.21875
3 0.4890625 0.8484375 0.040625 0.225
3 0.5265625 0.853125 0.0296875 0.2421875
3 0.553125 0.8703125 0.0265625 0.2421875
3 0.5828125 0.8734375 0.03125 0.253125
3 0.61875 0.884375 0.0359375 0.23125
3 0.6546875 0.8890625 0.0375 0.215625
3 0.690625 0.9 0.03125 0.2
3 0.725 0.9109375 0.0421875 0.178125
3 0.0296875 0.784375 0.028125 0.0328125
3 0.0515625 0.7796875 0.025 0.0390625
3 0.096875 0.6203125 0.0109375 0.109375
3 0.075 0.60625 0.0140625 0.10625
3 0.034375 0.5828125 0.00625 0.075
3 0.0234375 0.575 0.00625 0.06875
3 0.0125 0.5703125 0.00625 0.0734375
3 0.0125 0.4453125 0.009375 0.071875
3 0.0265625 0.44375 0.009375 0.0625
3 0.040625 0.446875 0.0046875 0.06875
3 0.0765625 0.303125 0.0109375 0.0828125
3 0.0875 0.3 0.0109375 0.08125
3 0.078125 0.209375 0.009375 0.0328125
3 0.084375 0.2078125 0.0078125 0.034375
3 0.0953125 0.1984375 0.0125 0.03125
3 0.0765625 0.240625 0.009375 0.03125
3 0.084375 0.2390625 0.0078125 0.0328125
3 0.0953125 0.234375 0.0109375 0.03125
3 0.0609375 0.3109375 0.00625 0.065625
3 0.390625 0.0609375 0.025 0.0578125
3 0.3734375 0.0703125 0.021875 0.059375
3 0.3921875 0.128125 0.0171875 0.0546875
3 0.3765625 0.134375 0.021875 0.0578125
3 0.3578125 0.1421875 0.021875 0.0546875
3 0.35625 0.084375 0.0234375 0.053125
3 0.3390625 0.0921875 0.021875 0.0515625
3 0.340625 0.15 0.0203125 0.0546875
3 0.321875 0.096875 0.025 0.053125
3 0.3234375 0.15 0.0203125 0.05625
3 0.309375 0.1578125 0.0203125 0.053125
3 0.3078125 0.1046875 0.0203125 0.0546875
3 0.29375 0.1625 0.0171875 0.053125
3 0.290625 0.1078125 0.01875 0.053125
3 0.278125 0.1078125 0.015625 0.05
3 0.28125 0.165625 0.0171875 0.053125
3 0.2703125 0.16875 0.015625 0.05
3 0.265625 0.1171875 0.0171875 0.0484375
3 0.25625 0.1734375 0.015625 0.05
3 0.253125 0.1234375 0.0171875 0.0515625
3 0.24375 0.1796875 0.015625 0.0515625
3 0.240625 0.1296875 0.015625 0.046875
3 0.184375 0.2734375 0.021875 0.1140625
3 0.1703125 0.2734375 0.0109375 0.103125
3 0.18125 0.203125 0.0296875 0.0390625
3 0.1609375 0.209375 0.0109375 0.0390625
3 0.1640625 0.1703125 0.0203125 0.0375
3 0.153125 0.28125 0.009375 0.0921875
3 0.4109375 0.1234375 0.0234375 0.0703125
3 0.4296875 0.115625 0.0234375 0.0734375
3 0.4515625 0.109375 0.0296875 0.071875
3 0.478125 0.1 0.0296875 0.06875
3 0.5015625 0.0859375 0.03125 0.0640625
3 0.578125 0.05625 0.028125 0.0609375
3 0.6046875 0.04375 0.03125 0.0609375
3 0.634375 0.0328125 0.0328125 0.0640625
3 0.6640625 0.028125 0.0328125 0.0546875
3 0.6953125 0.021875 0.0296875 0.04375
3 0.4140625 0.2296875 0.0203125 0.134375
3 0.453125 0.2203125 0.0203125 0.165625
3 0.4765625 0.209375 0.0203125 0.165625
3 0.4984375 0.20625 0.021875 0.1734375
3 0.521875 0.1984375 0.028125 0.18125
3 0.5515625 0.1859375 0.0265625 0.1921875
3 0.6109375 0.1734375 0.040625 0.2078125
3 0.6453125 0.1671875 0.0375 0.21875
3 0.6796875 0.1625 0.0375 0.221875
3 0.71875 0.15 0.04375 0.225
3 0.7609375 0.1390625 0.0453125 0.234375
3 0.9828125 0.58125 0.0328125 0.3265625
3 0.975 0.9515625 0.0484375 0.096875
3 0.5875 0.2 0.034375 0.209375