2 0.07040509259259259 0.39577546296296295 0.06888888888888889 0.13583333333333325
2 0.11726851851851852 0.26328703703703704 0.0754398148148148 0.13946759259259256
2 0.09792824074074075 0.3997337962962963 0.07291666666666667 0.145462962962963
2 0.14181712962962964 0.2659375 0.06888888888888892 0.13583333333333333
2 0.16747685185185185 0.27314814814814814 0.06546296296296292 0.13245370370370368
2 0.12872685185185184 0.4018750000000001 0.0723148148148148 0.1392129629629629
2 0.24319444444444444 0.2917824074074074 0.06486111111111112 0.12620370370370368
2 0.2660300925925926 0.2961226851851852 0.06486111111111112 0.12620370370370376
2 0.2053472222222222 0.4111342592592592 0.06858796296296302 0.13270833333333343
2 0.22833333333333333 0.4139120370370371 0.06888888888888892 0.13583333333333342
2 0.3120023148148148 0.30167824074074073 0.061435185185185225 0.12282407407407411
2 0.2774305555555555 0.41921296296296295 0.06546296296296301 0.1324537037037036
2 0.35782407407407407 0.3087962962962963 0.061736111111111124 0.12594907407407413
2 0.32184027777777774 0.42489583333333336 0.061435185185185225 0.12282407407407411
2 0.3939699074074074 0.31980324074074074 0.05800925925925924 0.11944444444444446
2 0.36468749999999994 0.43070601851851853 0.05428240740740744 0.11293981481481481
2 0.4369675925925926 0.324050925925926 0.061134259259259235 0.11969907407407412
2 0.4554166666666667 0.32564814814814813 0.05770833333333343 0.11631944444444446
2 0.40783564814814816 0.43339120370370365 0.06456018518518522 0.12307870370370359
2 0.4273958333333333 0.43954861111111115 0.05831018518518505 0.12256944444444447
2 0.4873263888888889 0.332349537037037 0.05458333333333343 0.11606481481481482
2 0.4645949074074074 0.43961805555555555 0.05428240740740744 0.11293981481481481
2 0.4968055555555555 0.44319444444444445 0.05368055555555564 0.1066898148148148
2 0.5434837962962963 0.34482638888888884 0.05831018518518505 0.12256944444444447
2 0.5792708333333334 0.3434606481481482 0.051458333333333425 0.11581018518518515
2 0.5335532407407407 0.44795138888888886 0.05740740740740744 0.11319444444444446
2 0.5524537037037037 0.4448611111111111 0.05770833333333343 0.11631944444444446
2 0.6756365740740741 0.3247569444444444 0.041898148148148094 0.08092592592592585
2 0.654513888888889 0.31872685185185184 0.04472222222222229 0.0780555555555555
2 0.6301041666666667 0.39512731481481483 0.047546296296296295 0.07518518518518516
2 0.6075578703703703 0.46827546296296296 0.051273148148148096 0.08168981481481481
2 0.5726736111111111 0.4602662037037037 0.0444212962962963 0.0749305555555555
2 0.6069675925925926 0.3939120370370371 0.047847222222222284 0.07831018518518515
2 0.6292129629629629 0.3238888888888889 0.04814814814814809 0.08143518518518515
4 0.6865625 0.40447916666666667 0.08206018518518512 0.20821759259259257
4 0.780474537037037 0.11150462962962963 0.10946759259259267 0.22300925925925927
4 0.8086574074074075 0.11954282407407409 0.10381944444444428 0.23908564814814817
4 0.8316435185185185 0.12171296296296297 0.10412037037037045 0.24342592592592593
4 0.7064351851851851 0.7454629629629629 0.05488425925925924 0.1191898148148148
4 0.7223611111111111 0.7410648148148148 0.05861111111111121 0.12569444444444428
4 0.710300925925926 0.39944444444444444 0.10574074074074069 0.22874999999999995
2 0.9202199074074073 0.15135416666666665 0.10231481481481453 0.22537037037037036
2 0.9410416666666667 0.16050925925925924 0.0932407407407407 0.22773148148148148
2 0.8772222222222222 0.14710648148148148 0.0954629629629629 0.2186111111111111
2 0.8938078703703702 0.15195601851851853 0.08236111111111129 0.2113425925925926
2 0.8554398148148149 0.13182870370370373 0.09666666666666686 0.2311111111111111
4 0.9327314814814816 0.27900462962962963 0.00655092592592581 0.0036342592592593093
4 0.9512499999999999 0.2154861111111111 0.05236111111111086 0.12518518518518515