3 0.8772569444444442 0.7563194444444445 0.1323611111111113 0.31152777777777774
3 0.8296875 0.7386111111111111 0.13590277777777793 0.3210416666666667
3 0.7790625 0.7223263888888889 0.12909722222222228 0.3082638888888887
3 0.7342708333333333 0.6969444444444445 0.12215277777777782 0.29236111111111107
3 0.694513888888889 0.6795833333333333 0.118611111111111 0.28284722222222225
3 0.6580902777777778 0.6670486111111111 0.09944444444444436 0.27263888888888876
3 0.48663194444444446 0.5986111111111111 0.11097222222222225 0.25131944444444443
3 0.4501388888888889 0.5845138888888888 0.09819444444444443 0.24451388888888878
3 0.4215972222222222 0.5738888888888889 0.09493055555555543 0.24124999999999996
3 0.3944097222222222 0.5586458333333333 0.0916666666666666 0.23798611111111115
3 0.36614583333333334 0.5542708333333334 0.0916666666666667 0.23798611111111115
3 0.34392361111111114 0.5454861111111111 0.08131944444444442 0.2156944444444445
3 0.30975694444444446 0.5486458333333333 0.07625000000000001 0.1718055555555555
3 0.2809375 0.5317708333333334 0.07624999999999993 0.1718055555555555
3 0.2523958333333334 0.5211458333333333 0.06958333333333329 0.16215277777777787
3 0.22562500000000002 0.5152777777777777 0.06645833333333329 0.16201388888888885
3 0.20163194444444446 0.501736111111111 0.0625 0.14312499999999986
3 0.33322916666666663 0.4452083333333333 0.05020833333333332 0.07708333333333339
3 0.3063194444444445 0.4362152777777778 0.04965277777777777 0.06458333333333321
3 0.27152777777777776 0.4253125 0.046250000000000034 0.058194444444444396
3 0.2461111111111111 0.4148263888888889 0.046527777777777765 0.06444444444444439
3 0.21628472222222223 0.4103819444444444 0.04326388888888886 0.06118055555555557
3 0.19236111111111112 0.3984027777777778 0.039861111111111125 0.05479166666666666
3 0.17322916666666666 0.49423611111111115 0.07270833333333333 0.16229166666666667
3 0.1522222222222222 0.47770833333333335 0.06618055555555555 0.15576388888888887
3 0.13027777777777777 0.47517361111111106 0.06277777777777778 0.14937499999999987
3 0.12618055555555557 0.3829861111111111 0.04340277777777777 0.06430555555555557
3 0.09364583333333333 0.4579513888888889 0.059236111111111114 0.13986111111111105
3 0.09274305555555555 0.36746527777777777 0.03333333333333335 0.048263888888888926
3 0.36843750000000003 0.2549652777777778 0.07256944444444446 0.15916666666666668
3 0.3073611111111111 0.24913194444444448 0.06930555555555555 0.15590277777777778
3 0.2526041666666667 0.24513888888888888 0.06590277777777782 0.14951388888888886
3 0.22711805555555556 0.23309027777777777 0.06548611111111109 0.14013888888888887
3 0.17854166666666668 0.22781250000000003 0.058680555555555534 0.12736111111111104
3 0.11732638888888888 0.21885416666666666 0.05569444444444445 0.13034722222222223
3 0.09027777777777778 0.2067361111111111 0.06861111111111111 0.14027777777777778
3 0.10500000000000001 0.11694444444444443 0.055902777777777767 0.06486111111111112
3 0.11364583333333333 0.06586805555555555 0.05604166666666668 0.06798611111111112
3 0.15180555555555555 0.04729166666666666 0.03659722222222221 0.05152777777777777
3 0.195625 0.050798611111111114 0.03659722222222221 0.05152777777777777
3 0.32190972222222225 0.05017361111111111 0.03673611111111104 0.05465277777777779
3 0.28357638888888886 0.09993055555555556 0.039722222222222214 0.05166666666666666
3 0.23357638888888888 0.09770833333333333 0.039722222222222214 0.05166666666666666
3 0.4254513888888889 0.13430555555555557 0.04083333333333332 0.07666666666666666
3 0.4772222222222222 0.14128472222222221 0.0436805555555555 0.07055555555555557
3 0.46423611111111107 0.05961805555555556 0.0468055555555555 0.07069444444444446
3 0.5206944444444443 0.06680555555555555 0.0436805555555555 0.07055555555555555
3 0.25576388888888885 0.8425347222222221 0.09124999999999997 0.22861111111111115
3 0.3083680555555556 0.8682638888888888 0.08416666666666668 0.2095833333333335
3 0.36517361111111113 0.8832638888888888 0.07465277777777786 0.2060416666666665
3 0.18875 0.8083680555555555 0.08020833333333335 0.1906944444444445
3 0.14006944444444444 0.7656597222222222 0.07340277777777775 0.1779166666666665
3 0.09350694444444443 0.7355208333333334 0.06631944444444444 0.15888888888888886
3 0.05625 0.7042361111111111 0.056666666666666664 0.1522222222222222