3 0.08608796296296296 0.5027083333333333 0.04296296296296298 0.16766203703703705
3 0.11758101851851852 0.4961689814814815 0.05249999999999999 0.17134259259259252
3 0.17827546296296298 0.4972453703703703 0.03967592592592593 0.16435185185185192
3 0.228275462962963 0.4942824074074075 0.040000000000000036 0.1706018518518519
3 0.28476851851851853 0.48626157407407405 0.030138888888888892 0.16067129629629626
3 0.333125 0.4849537037037037 0.03983796296296296 0.1674768518518519
3 0.38625 0.48180555555555554 0.03983796296296305 0.1674768518518519
3 0.41289351851851847 0.47866898148148146 0.03655092592592588 0.16416666666666674
3 0.43649305555555556 0.47415509259259264 0.040000000000000036 0.1706018518518519
3 0.46305555555555555 0.4725810185185185 0.04312500000000004 0.17078703703703707
3 0.5176620370370371 0.4709027777777777 0.03967592592592588 0.16435185185185192
3 0.5677430555555556 0.4663773148148148 0.04048611111111118 0.17997685185185192
3 0.6197916666666666 0.4539467592592592 0.04032407407407419 0.1768518518518519
3 0.5058564814814815 0.7286226851851852 0.04706018518518533 0.18659722222222222
3 0.534224537037037 0.7222685185185186 0.043935185185185154 0.18641203703703707
3 0.5638310185185185 0.7220717592592593 0.04409722222222214 0.18953703703703723
3 0.5888310185185185 0.7205902777777778 0.04048611111111118 0.17997685185185192
3 0.6407175925925925 0.7112847222222223 0.033912037037037025 0.17335648148148142
3 0.46969907407407413 0.13416666666666668 0.031203703703703668 0.06104166666666666
3 0.44305555555555554 0.13730324074074074 0.03136574074074083 0.06416666666666666
3 0.4711342592592592 0.07644675925925926 0.031203703703703668 0.06104166666666666
3 0.4462152777777778 0.07636574074074073 0.028078703703703668 0.06085648148148146
3 0.4209722222222222 0.08253472222222222 0.031203703703703668 0.06104166666666666
3 0.4180555555555555 0.1387847222222222 0.03136574074074083 0.06416666666666666
3 0.3914930555555555 0.1403587962962963 0.028078703703703668 0.060856481481481504
3 0.3943287037037037 0.0856712962962963 0.03432870370370367 0.06122685185185184
3 0.496099537037037 0.13571759259259258 0.03152777777777782 0.06729166666666667
3 0.52 0.0953587962962963 0.026296296296296262 0.026481481481481484
3 0.5211805555555555 0.13267361111111112 0.03136574074074083 0.06416666666666666
3 0.5417129629629629 0.09718750000000001 0.022847222222222286 0.020046296296296305
3 0.5460995370370371 0.13275462962962964 0.028078703703703668 0.060856481481481504
3 0.5667939814814815 0.09414351851851852 0.025972222222222285 0.020231481481481507
3 0.5711805555555556 0.12971064814814817 0.02791666666666668 0.05773148148148151
3 0.5977430555555555 0.12813657407407408 0.028078703703703668 0.060856481481481504
3 0.5886689814814815 0.09284722222222222 0.02268518518518512 0.016921296296296285
3 0.6347337962962962 0.10569444444444445 0.02462962962962969 0.05442129629629631
3 0.6597337962962962 0.10421296296296297 0.02775462962962969 0.054606481481481464
3 0.6832523148148149 0.10126157407407407 0.027592592592592523 0.05148148148148146
3 0.7050462962962962 0.1015277777777778 0.02775462962962969 0.054606481481481506
3 0.7320138888888889 0.09214120370370371 0.031203703703703668 0.06104166666666666
3 0.753900462962963 0.21078703703703705 0.03541666666666661 0.14229166666666665
3 0.8041435185185186 0.2031365740740741 0.03902777777777757 0.15185185185185182
3 0.700775462962963 0.21393518518518517 0.03918981481481474 0.1549768518518519
3 0.649375 0.21386574074074077 0.03967592592592588 0.16435185185185192
3 0.5957638888888889 0.22638888888888892 0.038703703703703775 0.1456018518518519