3 0.1125 0.503125 0.0328125 0.1640625
3 0.14375 0.4984375 0.040625 0.16875
3 0.2046875 0.5046875 0.028125 0.1625
3 0.2546875 0.5046875 0.028125 0.16875
3 0.3109375 0.5015625 0.0203125 0.1578125
3 0.359375 0.503125 0.0296875 0.165625
3 0.4125 0.5046875 0.028125 0.1640625
3 0.4390625 0.503125 0.0265625 0.1609375
3 0.4625 0.5015625 0.0296875 0.1671875
3 0.4890625 0.5015625 0.0328125 0.1671875
3 0.54375 0.503125 0.0296875 0.1625
3 0.59375 0.503125 0.0296875 0.1765625
3 0.6453125 0.4953125 0.028125 0.1734375
3 0.540625 0.7609375 0.0328125 0.184375
3 0.56875 0.7578125 0.03125 0.1828125
3 0.5984375 0.759375 0.0296875 0.1875
3 0.6234375 0.759375 0.028125 0.178125
3 0.675 0.7546875 0.0234375 0.1703125
3 0.484375 0.1625 0.0265625 0.059375
3 0.4578125 0.1625 0.0265625 0.0625
3 0.4828125 0.1046875 0.0265625 0.059375
3 0.4578125 0.1015625 0.025 0.059375
3 0.4328125 0.10625 0.028125 0.0578125
3 0.4328125 0.1625 0.028125 0.0609375
3 0.40625 0.1625 0.025 0.059375
3 0.40625 0.1078125 0.0296875 0.059375
3 0.5109375 0.165625 0.0265625 0.0640625
3 0.5328125 0.1265625 0.0234375 0.0234375
3 0.5359375 0.1640625 0.0265625 0.0625
3 0.5546875 0.13125 0.021875 0.0171875
3 0.5609375 0.1671875 0.025 0.059375
3 0.5796875 0.1296875 0.025 0.0171875
3 0.5859375 0.165625 0.025 0.0546875
3 0.6125 0.165625 0.025 0.0578125
3 0.6015625 0.1296875 0.0203125 0.015625
3 0.6484375 0.146875 0.021875 0.053125
3 0.6734375 0.146875 0.0234375 0.0515625
3 0.696875 0.1453125 0.0234375 0.05
3 0.71875 0.146875 0.0234375 0.053125
3 0.7453125 0.140625 0.0265625 0.059375
3 0.771875 0.2609375 0.0265625 0.140625
3 0.821875 0.2578125 0.0296875 0.1484375
3 0.71875 0.259375 0.0296875 0.153125
3 0.6671875 0.25625 0.0296875 0.1625
3 0.6140625 0.2640625 0.0296875 0.14375