4 0.46343750000000006 0.3229861111111111 0.13277777777777774 0.18611111111111106
4 0.5721875000000001 0.3273263888888889 0.1458333333333332 0.1997222222222222
4 0.34572916666666664 0.3101041666666666 0.12326388888888892 0.18215277777777777
4 0.2339236111111111 0.3044791666666667 0.13576388888888893 0.1832638888888889
4 0.23475694444444445 0.4958333333333334 0.1509722222222222 0.17527777777777764
4 0.3435069444444444 0.500173611111111 0.13208333333333327 0.17048611111111106
4 0.43961805555555555 0.50875 0.15138888888888893 0.18465277777777764
4 0.5418402777777778 0.5198958333333333 0.13263888888888892 0.18298611111111107
0 0.66125 0.529513888888889 0.14513888888888893 0.18409722222222236
0 0.6227777777777778 0.6947916666666667 0.1478472222222223 0.175
0 0.8672916666666666 0.7259722222222222 0.12270833333333328 0.1696527777777778
4 0.6103472222222223 0.1340625 0.10104166666666678 0.10236111111111112
4 0.607638888888889 0.195 0.09409722222222214 0.08618055555555557
4 0.7023958333333333 0.12899305555555557 0.11694444444444443 0.11000000000000001
4 0.6915277777777777 0.1984375 0.11312499999999996 0.09409722222222223
4 0.7831597222222222 0.13270833333333334 0.07888888888888897 0.09416666666666665
4 0.7629166666666667 0.2029861111111111 0.07847222222222214 0.08479166666666664
4 0.5014583333333333 0.20288194444444443 0.14000000000000004 0.06847222222222218
4 0.36173611111111115 0.1250347222222222 0.09097222222222215 0.08590277777777774
4 0.26732638888888893 0.11319444444444444 0.10062499999999996 0.09298611111111113
4 0.21802083333333333 0.1720486111111111 0.16868055555555558 0.08347222222222221
4 0.3392013888888889 0.17684027777777778 0.09354166666666668 0.07368055555555557
4 0.31909722222222225 0.6642013888888889 0.11916666666666664 0.15999999999999998
4 0.22930555555555557 0.6535069444444443 0.13763888888888892 0.1554166666666667
4 0.42288194444444444 0.6752083333333333 0.11506944444444436 0.13784722222222215
4 0.5171527777777778 0.6901736111111111 0.131388888888889 0.15486111111111106
0 0.7097222222222223 0.34934027777777776 0.15763888888888894 0.18520833333333328