3 0.07871527777777779 0.7056365740740741 0.1388657407407407 0.30787037037037024
3 0.12865740740740741 0.6892939814814815 0.13976851851851851 0.31724537037037026
3 0.1798611111111111 0.6760532407407407 0.13231481481481477 0.30465277777777794
3 0.22556712962962963 0.6550925925925926 0.12798611111111108 0.2921064814814816
3 0.26754629629629634 0.6404282407407408 0.12395833333333339 0.28268518518518526
3 0.304537037037037 0.6289583333333333 0.10400462962962961 0.26990740740740726
3 0.4801157407407407 0.5717476851851852 0.11439814814814823 0.2482175925925926
3 0.5171064814814815 0.5602777777777778 0.10159722222222226 0.24490740740740743
3 0.5476967592592592 0.5504629629629629 0.09787037037037045 0.2386111111111111
3 0.575462962962963 0.5375694444444445 0.09444444444444447 0.23543981481481496
3 0.6038888888888889 0.5340277777777778 0.09756944444444446 0.23548611111111112
3 0.6279282407407407 0.5274305555555555 0.08326388888888889 0.21655092592592595
3 0.6601388888888888 0.5331944444444444 0.07874999999999996 0.16967592592592595
3 0.6897685185185185 0.5171527777777778 0.07875000000000014 0.16967592592592595
3 0.7202083333333333 0.508900462962963 0.07159722222222217 0.16020833333333329
3 0.7470717592592593 0.5053819444444445 0.06847222222222235 0.16016203703703696
3 0.7717129629629629 0.49253472222222217 0.06666666666666661 0.14141203703703695
3 0.6469328703703704 0.42729166666666674 0.05097222222222229 0.07564814814814813
3 0.6740972222222222 0.42064814814814816 0.04946759259259252 0.06002314814814813
3 0.7092245370370371 0.41232638888888895 0.04604166666666672 0.0568518518518518
3 0.7351273148148147 0.4025810185185185 0.046643518518518515 0.0631018518518518
3 0.7649652777777778 0.40057870370370374 0.042916666666666714 0.05680555555555546
3 0.7893055555555556 0.3908564814814815 0.03949074074074055 0.05363425925925931
3 0.8004398148148149 0.48586805555555557 0.07472222222222236 0.1602546296296296
3 0.8235185185185185 0.4730439814814815 0.06787037037037039 0.15391203703703696
3 0.8455439814814815 0.47115740740740736 0.0641435185185184 0.14761574074074063
3 0.8559837962962963 0.3789467592592593 0.046643518518518334 0.0631018518518518
3 0.882986111111111 0.45499999999999996 0.06324074074074063 0.1382407407407408
3 0.891712962962963 0.364375 0.03576388888888893 0.04733796296296298
3 0.6279398148148149 0.23565972222222223 0.0744212962962962 0.15712962962962962
3 0.6890277777777778 0.23319444444444443 0.07099537037037038 0.15395833333333336
3 0.7438657407407407 0.23082175925925927 0.07039351851851858 0.14770833333333327
3 0.7697685185185186 0.22107638888888886 0.0663657407407408 0.13828703703703704
3 0.8183564814814815 0.2187962962962963 0.05891203703703703 0.12569444444444447
3 0.8795949074074073 0.2147685185185185 0.05921296296296319 0.12881944444444446
3 0.908773148148148 0.20341435185185186 0.07261574074074062 0.13837962962962963
3 0.9003125000000001 0.11304398148148147 0.056018518518518336 0.06324074074074071
3 0.8974652777777777 0.06159722222222221 0.05944444444444415 0.06641203703703705
3 0.8605092592592593 0.04030092592592592 0.03918981481481474 0.05050925925925927
3 0.8167592592592593 0.040949074074074075 0.03918981481481474 0.05050925925925927
3 0.6912499999999999 0.031886574074074074 0.03949074074074073 0.053634259259259257
3 0.7250462962962964 0.08599537037037037 0.042314814814814736 0.050555555555555555
3 0.7748958333333333 0.08681712962962965 0.04201388888888893 0.04743055555555555
3 0.5823148148148147 0.10995370370370369 0.041597222222222285 0.07550925925925926
3 0.528888888888889 0.11386574074074074 0.04724537037037031 0.06935185185185185
3 0.550775462962963 0.033553240740740745 0.05037037037037031 0.06710648148148149
3 0.49266203703703704 0.036388888888888894 0.04412037037037031 0.06930555555555555
3 0.687650462962963 0.8307986111111111 0.09696759259259266 0.22923611111111128
3 0.6339814814814815 0.8534375000000001 0.08861111111111111 0.20726851851851863
3 0.5766782407407407 0.8652083333333334 0.07893518518518512 0.20400462962962962
3 0.7575462962962962 0.8016782407407407 0.08368055555555572 0.1884722222222223
3 0.8098958333333334 0.7603356481481482 0.07622685185185177 0.1758796296296296
3 0.8577662037037037 0.733101851851852 0.068472222222222 0.16016203703703696
3 0.9023611111111112 0.7074768518518519 0.06756944444444457 0.15078703703703694