2 0.0765625 0.69375 0.025 0.121875
2 0.0546875 0.6875 0.0203125 0.1234375
2 0.028125 0.684375 0.028125 0.1203125
2 0.06875 0.7796875 0.025 0.05625
2 0.0453125 0.7828125 0.0265625 0.0609375
2 0.0234375 0.7765625 0.025 0.059375
2 0.021875 0.83125 0.025 0.053125
2 0.0453125 0.8390625 0.0265625 0.0609375
2 0.0703125 0.8390625 0.028125 0.0625
2 0.1 0.6953125 0.0265625 0.128125
2 0.1234375 0.6984375 0.021875 0.121875
2 0.1484375 0.6984375 0.0234375 0.1265625
2 0.171875 0.7015625 0.0234375 0.11875
2 0.1953125 0.7015625 0.025 0.1203125
2 0.1734375 0.8390625 0.028125 0.146875
2 0.14375 0.7890625 0.025 0.0609375
2 0.11875 0.7890625 0.0265625 0.053125
2 0.096875 0.784375 0.03125 0.0625
2 0.11875 0.8453125 0.0234375 0.065625
2 0.1421875 0.8484375 0.028125 0.06875
2 0.0953125 0.8390625 0.025 0.0796875
2 0.175 0.4234375 0.0265625 0.14375
2 0.2 0.4234375 0.0296875 0.1484375
4 0.10625 0.4140625 0.0234375 0.146875
4 0.128125 0.41875 0.0265625 0.1484375
4 0.1515625 0.41875 0.025 0.1546875
4 0.1234375 0.3265625 0.0234375 0.059375
4 0.1453125 0.3203125 0.0265625 0.06875
4 0.1703125 0.325 0.0203125 0.0734375
2 0.0359375 0.409375 0.0234375 0.1453125
2 0.0578125 0.40625 0.025 0.140625
2 0.059375 0.3140625 0.0203125 0.0609375
2 0.0796875 0.31875 0.01875 0.0625
2 0.2265625 0.43125 0.028125 0.146875
2 0.25 0.4296875 0.0296875 0.15
2 0.240625 0.3375 0.0265625 0.0640625
2 0.2609375 0.33125 0.0265625 0.0828125
4 0.3015625 0.434375 0.03125 0.153125
4 0.1296875 0.0625 0.0203125 0.11875
4 0.1515625 0.0609375 0.0234375 0.109375
4 0.1734375 0.059375 0.028125 0.1171875
2 0.109375 0.05625 0.0234375 0.1125
2 0.0640625 0.05625 0.0265625 0.1015625