6 0.6521874999999999 0.4217013888888889 0.059791666666666646 0.10118055555555543
6 0.5375 0.40979166666666667 0.065625 0.09506944444444443
6 0.76625 0.3540277777777778 0.06354166666666679 0.06381944444444443
6 0.9425000000000001 0.3892013888888889 0.11499999999999985 0.20548611111111104
6 0.8322916666666668 0.10430555555555557 0.10208333333333357 0.1738888888888889
6 0.9955208333333333 0.8496874999999999 0.008958333333333356 0.14506944444444442
6 0.9726041666666667 0.8644444444444446 0.05479166666666657 0.14541666666666658
6 0.9508333333333333 0.6297222222222223 0.09833333333333343 0.1865277777777777
6 0.9769791666666666 0.6369444444444444 0.04604166666666672 0.17680555555555558
6 0.6772916666666667 0.68125 0.04208333333333343 0.06958333333333329
6 0.5827083333333334 0.7134722222222223 0.03729166666666668 0.044513888888888783
6 0.5360416666666666 0.762361111111111 0.031458333333333324 0.05062499999999996
6 0.6138541666666667 0.4317708333333333 0.07666666666666658 0.12027777777777775
6 0.6815625 0.18364583333333334 0.06541666666666668 0.09194444444444443
6 0.7739583333333334 0.11861111111111111 0.058333333333333216 0.07930555555555556
6 0.7266666666666667 0.20493055555555556 0.06541666666666668 0.09194444444444443
6 0.6681250000000001 0.2395138888888889 0.06187499999999986 0.08562500000000002
6 0.6276041666666666 0.16996527777777776 0.05500000000000007 0.0761111111111111
6 0.5913541666666666 0.1176736111111111 0.065625 0.09506944444444443