2 0.8764467592592593 0.5016203703703704 0.12409722222222222 0.15993055555555563
5 0.24756944444444445 0.18443287037037037 0.18562499999999993 0.09939814814814811
4 0.6466666666666667 0.48915509259259266 0.06057870370370359 0.08608796296296291
4 0.5966898148148149 0.48351851851851857 0.057361111111111106 0.07958333333333342
1 0.544050925925926 0.4463773148148148 0.06958333333333329 0.06185185185185169
1 0.532511574074074 0.48611111111111105 0.07574074074074062 0.056111111111111
2 0.4801273148148148 0.43178240740740736 0.07979166666666657 0.11886574074074083
2 0.4066898148148148 0.4257986111111111 0.07041666666666675 0.11810185185185187
3 0.2542013888888889 0.6871412037037037 0.13351851851851854 0.16381944444444443
6 0.6068518518518519 0.8535416666666666 0.07252314814814813 0.04960648148148152
6 0.5533796296296296 0.872650462962963 0.06636574074074061 0.05534722222222257
6 0.5102314814814815 0.8284606481481482 0.0942592592592593 0.04201388888888857
6 0.48938657407407404 0.8627430555555555 0.0757407407407408 0.056111111111111
6 0.6079050925925926 0.8880439814814816 0.0663657407407408 0.055347222222222214
4 0.8450925925925926 0.8228935185185187 0.10694444444444429 0.05553240740740719
4 0.842476851851852 0.788263888888889 0.10381944444444428 0.05527777777777772
5 0.7345949074074074 0.7841666666666667 0.09192129629629626 0.0948842592592591