2 0.8678819444444444 0.43046296296296294 0.1414583333333333 0.16634259259259263
5 0.2861458333333333 0.12078703703703704 0.19208333333333333 0.11284722222222224
4 0.6391666666666667 0.42049768518518515 0.07263888888888896 0.0910648148148148
4 0.5895138888888889 0.41527777777777775 0.06597222222222214 0.08136574074074084
1 0.5427430555555556 0.38028935185185186 0.07465277777777786 0.06622685185185188
1 0.5254513888888889 0.418599537037037 0.08062500000000003 0.06030092592592595
2 0.48256944444444444 0.36626157407407406 0.09590277777777771 0.12344907407407409
2 0.4096180555555556 0.3591319444444444 0.08638888888888889 0.11983796296296294
3 0.2170486111111111 0.6232175925925926 0.15097222222222229 0.16995370370370377
6 0.545 0.7854861111111111 0.07722222222222222 0.053888888888888785
6 0.4880555555555556 0.8040277777777778 0.07125000000000004 0.05981481481481481
6 0.45100694444444445 0.7607407407407407 0.0958333333333334 0.05173611111111107
6 0.4261111111111111 0.7947685185185185 0.08388888888888886 0.06358796296296294
6 0.5403472222222222 0.8200231481481481 0.07124999999999986 0.05981481481481481
4 0.7880902777777777 0.7526157407407407 0.10888888888888885 0.06488425925925938
4 0.7896875 0.7166782407407407 0.10888888888888885 0.06488425925925938
5 0.6822222222222223 0.7144560185185185 0.10118055555555543 0.10189814814814824