2 0.128125 0.3828125 0.1046875 0.1375
5 0.7890625 0.196875 0.1765625 0.0625
4 0.35625 0.4171875 0.0515625 0.0765625
4 0.40625 0.421875 0.046875 0.0703125
1 0.4625 0.396875 0.0625 0.05
1 0.46875 0.4375 0.0703125 0.040625
2 0.5265625 0.3953125 0.0671875 0.10625
2 0.6 0.403125 0.0578125 0.1046875
3 0.7140625 0.69375 0.1140625 0.1390625
6 0.3453125 0.7859375 0.0671875 0.034375
6 0.3953125 0.815625 0.059375 0.04375
6 0.44375 0.78125 0.090625 0.025
6 0.459375 0.81875 0.071875 0.0421875
6 0.3390625 0.8203125 0.059375 0.0421875
4 0.115625 0.7078125 0.1015625 0.0359375
4 0.1234375 0.6734375 0.1 0.0359375
5 0.2296875 0.6921875 0.08125 0.078125