1 0.2421875 0.7796875 0.1484375 0.1859375
1 0.3890625 0.76875 0.1484375 0.1859375
1 0.521875 0.7296875 0.1484375 0.1859375
1 0.6703125 0.709375 0.1484375 0.1859375
1 0.8265625 0.7046875 0.1484375 0.1859375
1 0.9453125 0.696875 0.1078125 0.19375
1 0.88125 0.515625 0.1328125 0.2140625
1 0.73125 0.5453125 0.1328125 0.2140625
1 0.56875 0.5796875 0.1328125 0.2140625
1 0.43125 0.590625 0.1328125 0.2140625
1 0.2828125 0.6046875 0.1328125 0.2140625
1 0.3125 0.440625 0.1328125 0.2140625
1 0.46875 0.434375 0.1328125 0.2140625
1 0.5984375 0.40625 0.1328125 0.2140625
1 0.7765625 0.3796875 0.1328125 0.2140625
1 0.65625 0.234375 0.1328125 0.2140625
1 0.5125 0.2515625 0.1328125 0.2140625
1 0.3375 0.2484375 0.1328125 0.2140625
1 0.2171875 0.3703125 0.1328125 0.2140625
1 0.1875 0.5296875 0.1328125 0.2140625
1 0.3984375 0.10625 0.134375 0.2125