1 0.4363773148148148 0.6454976851851851 0.1832638888888889 0.19187499999999993
1 0.3509606481481481 0.5816782407407407 0.1832638888888889 0.19187499999999993
1 0.27488425925925924 0.5359722222222223 0.1832638888888889 0.19187499999999993
1 0.2246064814814815 0.4787268518518519 0.1445601851851852 0.13594907407407408
1 0.5541782407407407 0.5855671296296296 0.1832638888888889 0.19187499999999993
1 0.6440162037037037 0.510613425925926 0.14398148148148132 0.16694444444444442
1 0.7217013888888889 0.46024305555555556 0.15935185185185183 0.1650925925925925
1 0.9164814814814815 0.3798842592592593 0.14085648148148167 0.16668981481481487
1 0.8238425925925925 0.420462962962963 0.18326388888888906 0.19187499999999993
1 0.449375 0.515462962962963 0.12682870370370375 0.14692129629629633
1 0.5322916666666666 0.4520833333333333 0.12682870370370375 0.14692129629629633
1 0.37760416666666663 0.4646875 0.12682870370370364 0.14692129629629633
1 0.3092129629629629 0.41678240740740746 0.12682870370370375 0.14692129629629633
1 0.16390046296296296 0.42862268518518515 0.12166666666666667 0.12166666666666667
1 0.7212384259259259 0.3580439814814815 0.12682870370370375 0.14692129629629633
1 0.8015046296296295 0.3200462962962963 0.12682870370370375 0.14692129629629633
1 0.6339236111111111 0.4060532407407408 0.12682870370370375 0.14692129629629633
1 0.47847222222222224 0.4092824074074074 0.12682870370370375 0.14692129629629633
1 0.5570486111111111 0.36984953703703705 0.12682870370370375 0.14692129629629633
1 0.6392592592592592 0.33641203703703704 0.12682870370370375 0.14692129629629633
1 0.3980902777777778 0.36864583333333334 0.12682870370370375 0.14692129629629633
1 0.4882407407407408 0.3361342592592592 0.12682870370370375 0.14692129629629633
1 0.5658912037037037 0.3046412037037037 0.12682870370370375 0.14692129629629633