1 0.5807754629629629 0.39163194444444444 0.1399537037037037 0.1478472222222223
1 0.49810185185185185 0.2879398148148148 0.18518518518518512 0.17317129629629627
1 0.5184606481481482 0.3942939814814815 0.1399537037037037 0.1478472222222223
1 0.4113078703703704 0.43098379629629624 0.1399537037037037 0.1478472222222223
1 0.3222569444444444 0.456875 0.1399537037037037 0.1478472222222223
1 0.22805555555555554 0.47491898148148143 0.1399537037037037 0.1478472222222223
1 0.6261458333333334 0.5247222222222222 0.1399537037037037 0.1478472222222223
1 0.5382870370370371 0.5443749999999999 0.1399537037037037 0.1478472222222223
1 0.45079861111111114 0.5702777777777778 0.1399537037037037 0.1478472222222223
1 0.37167824074074074 0.6056134259259259 0.1399537037037037 0.1478472222222223
1 0.27315972222222223 0.6298726851851851 0.1399537037037037 0.1478472222222223
1 0.6636111111111112 0.6561921296296296 0.1399537037037037 0.1478472222222223
1 0.5854976851851852 0.6821643518518519 0.1399537037037037 0.1478472222222223
1 0.49938657407407405 0.7049537037037037 0.1399537037037037 0.1478472222222223
1 0.39682870370370366 0.7401157407407407 0.1399537037037037 0.1478472222222223
1 0.3825925925925926 0.7634375 0.1399537037037037 0.1478472222222223