1 0.1796875 0.3765625 0.153125 0.1625
1 0.1359375 0.525 0.178125 0.1625
1 0.1515625 0.825 0.1203125 0.115625
1 0.3390625 0.3625 0.153125 0.1625
1 0.525 0.340625 0.153125 0.1625
1 0.6875 0.359375 0.153125 0.1625
1 0.8359375 0.359375 0.153125 0.1625
1 0.2953125 0.5125 0.178125 0.1625
1 0.4453125 0.5109375 0.178125 0.1625
1 0.58125 0.5109375 0.13125 0.1546875
1 0.7234375 0.5140625 0.13125 0.1546875
1 0.215625 0.678125 0.13125 0.1546875
1 0.3703125 0.6796875 0.13125 0.1546875
1 0.5171875 0.6421875 0.13125 0.1546875
1 0.653125 0.6546875 0.13125 0.1546875
1 0.8078125 0.6734375 0.13125 0.1546875
1 0.3109375 0.796875 0.1203125 0.115625
1 0.4421875 0.7828125 0.1203125 0.115625
1 0.5828125 0.7828125 0.1203125 0.115625
1 0.7109375 0.7828125 0.1203125 0.115625
1 0.3859375 0.921875 0.1109375 0.15625
1 0.5171875 0.921875 0.1109375 0.15625
1 0.6515625 0.9171875 0.1109375 0.15625
1 0.790625 0.915625 0.1109375 0.15625