1 0.6653819444444444 0.6860532407407407 0.16034722222222228 0.16817129629629637
1 0.7337847222222222 0.6105902777777779 0.1603472222222221 0.16817129629629618
1 0.7984027777777778 0.5552662037037036 0.16034722222222228 0.16817129629629618
1 0.8329861111111111 0.49103009259259256 0.12687500000000007 0.11701388888888893
1 0.5372222222222222 0.6454282407407408 0.16034722222222228 0.16817129629629637
1 0.4330902777777778 0.5838541666666666 0.125138888888889 0.14814814814814808
1 0.3471875 0.5463541666666666 0.140625 0.1456018518518519
1 0.1390625 0.4965277777777778 0.1188888888888889 0.1479166666666666
1 0.23847222222222225 0.5220486111111111 0.1603472222222222 0.16817129629629618
1 0.6238888888888889 0.5597222222222222 0.10868055555555553 0.12881944444444446
1 0.528125 0.5109375 0.10868055555555553 0.12881944444444446
1 0.6820486111111111 0.4994791666666667 0.10868055555555553 0.12881944444444446
1 0.7372222222222222 0.4422453703703703 0.10868055555555571 0.12881944444444446
1 0.8818402777777777 0.43200231481481477 0.10770833333333343 0.10694444444444447
1 0.3239930555555556 0.4456597222222222 0.10868055555555553 0.12881944444444446
1 0.23708333333333337 0.42060185185185184 0.10868055555555553 0.12881944444444446
1 0.41913194444444446 0.4803819444444445 0.10868055555555553 0.12881944444444446
1 0.5710763888888889 0.45949074074074076 0.10868055555555553 0.12881944444444446
1 0.4856597222222222 0.43292824074074077 0.10868055555555571 0.12881944444444446
1 0.3989583333333333 0.41255787037037034 0.10868055555555553 0.12881944444444446
1 0.6405208333333333 0.40746527777777775 0.10868055555555553 0.12881944444444446
1 0.5445833333333333 0.3898726851851852 0.10868055555555571 0.12881944444444446
1 0.4625694444444444 0.36967592592592596 0.10868055555555553 0.12881944444444446