1 0.837210648148148 0.4027430555555555 0.17835648148148167 0.1816898148148148
1 0.9012152777777779 0.5512962962962963 0.1975694444444443 0.18611111111111106
1 0.9295717592592592 0.851574074074074 0.1373842592592595 0.1325925925925926
1 0.6776041666666667 0.3901736111111111 0.17835648148148148 0.1816898148148148
1 0.48940972222222223 0.36968750000000006 0.17835648148148148 0.1816898148148148
1 0.33078703703703705 0.39140046296296294 0.17835648148148148 0.1816898148148148
1 0.1830439814814815 0.39197916666666666 0.17835648148148148 0.1816898148148148
1 0.7416087962962964 0.5401967592592593 0.20046296296296298 0.18611111111111106
1 0.5923032407407407 0.5406828703703704 0.20046296296296298 0.18611111111111106
1 0.45862268518518523 0.5420949074074074 0.152662037037037 0.1708333333333334
1 0.3173611111111111 0.5461689814814814 0.152662037037037 0.17083333333333323
1 0.8456018518518519 0.7050347222222222 0.152662037037037 0.1708333333333334
1 0.6918402777777778 0.7083680555555556 0.152662037037037 0.1708333333333334
1 0.5398726851851852 0.6729166666666666 0.152662037037037 0.17083333333333323
1 0.4071180555555555 0.6868287037037037 0.152662037037037 0.1708333333333334
1 0.25607638888888895 0.7058796296296297 0.152662037037037 0.17083333333333323
1 0.7673611111111112 0.8248495370370371 0.13738425925925934 0.1325925925925926
1 0.6357638888888889 0.8123842592592594 0.13738425925925918 0.1325925925925926
1 0.4958333333333334 0.813425925925926 0.13738425925925918 0.1325925925925926
1 0.36840277777777775 0.8152083333333333 0.13738425925925934 0.1325925925925926
1 0.7113425925925926 0.9328935185185184 0.13391203703703702 0.1342129629629632
1 0.5791087962962963 0.9336458333333333 0.13368055555555552 0.13270833333333343
1 0.444849537037037 0.9312268518518518 0.13344907407407405 0.13754629629629633
1 0.30769675925925927 0.9318402777777777 0.13275462962962958 0.13631944444444458