1 0.39982638888888894 0.4172569444444445 0.11715277777777774 0.13611111111111107
1 0.46283564814814815 0.30569444444444444 0.1618287037037037 0.15368055555555554
1 0.46269675925925924 0.4137847222222223 0.11715277777777774 0.13611111111111107
1 0.5757407407407408 0.43604166666666666 0.11715277777777793 0.13611111111111107
1 0.6688425925925926 0.45114583333333336 0.11715277777777774 0.13611111111111107
1 0.765625 0.4570138888888889 0.11715277777777793 0.13611111111111107
1 0.3791782407407408 0.5542013888888888 0.11715277777777774 0.13611111111111107
1 0.46952546296296294 0.5629166666666666 0.11715277777777774 0.13611111111111107
1 0.5595023148148148 0.5778819444444444 0.11715277777777774 0.13611111111111107
1 0.6457060185185185 0.6036458333333334 0.11715277777777793 0.13611111111111107
1 0.7484606481481482 0.6144791666666667 0.11715277777777758 0.13611111111111107
1 0.3634027777777778 0.6882291666666667 0.11715277777777774 0.13611111111111107
1 0.4454745370370371 0.7044097222222222 0.11715277777777774 0.13611111111111107
1 0.5355439814814815 0.7178125 0.11715277777777793 0.13611111111111107
1 0.6439930555555555 0.7382986111111112 0.11715277777777774 0.13611111111111107
1 0.6615393518518519 0.7594444444444445 0.11715277777777774 0.13611111111111107