1 0.16179398148148147 0.7269791666666666 0.19388888888888886 0.23368055555555572
1 0.3048032407407407 0.7658217592592592 0.19388888888888883 0.23368055555555572
1 0.444050925925926 0.772962962962963 0.193888888888889 0.23368055555555572
1 0.592025462962963 0.8028819444444444 0.193888888888889 0.23368055555555572
1 0.7441319444444444 0.8520023148148148 0.193888888888889 0.23368055555555572
1 0.8607175925925926 0.883599537037037 0.156388888888889 0.23006944444444458
1 0.8476157407407408 0.6911689814814814 0.18837962962962962 0.2580787037037037
1 0.6962847222222222 0.6687615740740741 0.18837962962962962 0.2580787037037037
1 0.5292824074074074 0.646412037037037 0.18837962962962962 0.2580787037037037
1 0.3939930555555556 0.6114467592592593 0.18837962962962962 0.2580787037037037
1 0.2478125 0.5738657407407407 0.18837962962962962 0.2580787037037037
1 0.3210532407407407 0.4289236111111111 0.18837962962962962 0.2580787037037037
1 0.47325231481481483 0.47491898148148143 0.18837962962962962 0.2580787037037037
1 0.605925925925926 0.4923958333333333 0.18837962962962962 0.2580787037037037
1 0.7835416666666667 0.5267361111111111 0.18837962962962962 0.2580787037037037
1 0.7073379629629629 0.34859953703703705 0.18837962962962962 0.25807870370370367
1 0.5640972222222222 0.31756944444444446 0.18837962962962962 0.25807870370370367
1 0.39668981481481486 0.25600694444444444 0.18837962962962962 0.2580787037037037
1 0.24717592592592594 0.33092592592592596 0.18837962962962962 0.2580787037037037
1 0.1756365740740741 0.47133101851851855 0.18837962962962962 0.2580787037037037
1 0.49372685185185183 0.15409722222222222 0.18754629629629632 0.2299537037037037