1 0.19913194444444443 0.7201041666666667 0.18055555555555558 0.16685185185185175
1 0.2682291666666667 0.8443634259259258 0.18055555555555552 0.16685185185185175
1 0.3859953703703704 0.7976851851851852 0.18055555555555552 0.16685185185185195
1 0.3467013888888889 0.6731597222222222 0.18055555555555552 0.16685185185185175
1 0.452662037037037 0.6065277777777778 0.18055555555555552 0.16685185185185175
1 0.5299189814814815 0.7221643518518519 0.18055555555555552 0.16685185185185175
1 0.639699074074074 0.6794212962962962 0.18055555555555552 0.16685185185185175
1 0.5710069444444444 0.5865625 0.18055555555555552 0.16685185185185175
1 0.6829282407407408 0.5283449074074074 0.18055555555555552 0.16685185185185175
1 0.7817708333333333 0.6115625 0.18055555555555552 0.16685185185185175
1 0.8713541666666668 0.5637384259259258 0.18055555555555572 0.16685185185185175
1 0.7961226851851853 0.47809027777777774 0.18055555555555552 0.16685185185185175