1 0.421875 0.4 0.1078125 0.128125
1 0.4765625 0.284375 0.1515625 0.1453125
1 0.484375 0.3921875 0.1078125 0.128125
1 0.5984375 0.4078125 0.1078125 0.128125
1 0.6921875 0.4171875 0.1078125 0.128125
1 0.7890625 0.4171875 0.1078125 0.128125
1 0.4109375 0.5375 0.1078125 0.128125
1 0.5015625 0.540625 0.1078125 0.128125
1 0.59375 0.55 0.1078125 0.128125
1 0.68125 0.5703125 0.1078125 0.128125
1 0.784375 0.575 0.1078125 0.128125
1 0.40625 0.671875 0.1078125 0.128125
1 0.4890625 0.6828125 0.1078125 0.128125
1 0.5796875 0.690625 0.1078125 0.128125
1 0.6890625 0.7046875 0.1078125 0.128125
1 0.709375 0.725 0.1078125 0.128125