1 0.3640625 0.6625 0.153125 0.1625
1 0.2921875 0.584375 0.153125 0.1625
1 0.225 0.5265625 0.153125 0.1625
1 0.1875 0.4609375 0.121875 0.1125
1 0.490625 0.6265625 0.153125 0.1625
1 0.5921875 0.56875 0.1171875 0.1453125
1 0.6765625 0.534375 0.134375 0.140625
1 0.8828125 0.4921875 0.1140625 0.14375
1 0.784375 0.5140625 0.153125 0.1625
1 0.4 0.5375 0.103125 0.1265625
1 0.49375 0.4921875 0.103125 0.1265625
1 0.3390625 0.475 0.103125 0.1265625
1 0.28125 0.415625 0.103125 0.1265625
1 0.1359375 0.4 0.103125 0.103125
1 0.6953125 0.434375 0.103125 0.1265625
1 0.78125 0.4125 0.103125 0.1265625
1 0.6015625 0.465625 0.103125 0.1265625
1 0.4484375 0.4390625 0.103125 0.1265625
1 0.5328125 0.415625 0.103125 0.1265625
1 0.61875 0.3984375 0.103125 0.1265625
1 0.3765625 0.384375 0.103125 0.1265625
1 0.471875 0.3703125 0.103125 0.1265625
1 0.553125 0.353125 0.103125 0.1265625