1 0.7043402777777779 0.7499421296296296 0.19328703703703703 0.16921296296296298
1 0.6118634259259259 0.8561921296296295 0.19328703703703703 0.16921296296296298
1 0.5059027777777778 0.7848958333333333 0.19328703703703703 0.16921296296296298
1 0.5691550925925926 0.6712962962962963 0.19328703703703703 0.16921296296296298
1 0.4802083333333333 0.5818287037037038 0.19328703703703703 0.16921296296296298
1 0.38061342592592595 0.678414351851852 0.19328703703703703 0.16921296296296298
1 0.28368055555555555 0.6121527777777778 0.19328703703703703 0.16921296296296298
1 0.36915509259259255 0.5369791666666667 0.19328703703703703 0.16921296296296298
1 0.2718171296296296 0.45503472222222224 0.19328703703703703 0.16921296296296298
1 0.15925925925925927 0.5151041666666667 0.19328703703703703 0.16921296296296298
1 0.08891782407407407 0.44797453703703705 0.17783564814814815 0.16921296296296298
1 0.17077546296296298 0.38078703703703703 0.19328703703703703 0.16921296296296298