1 0.23354166666666668 0.7250810185185186 0.20187499999999997 0.22673611111111108
1 0.3804166666666667 0.7571296296296296 0.20187499999999997 0.22673611111111108
1 0.5188541666666666 0.7559953703703703 0.20187500000000008 0.22673611111111108
1 0.6682291666666667 0.7788541666666667 0.20187500000000008 0.22673611111111108
1 0.8234375 0.8191782407407407 0.20187500000000008 0.22673611111111108
1 0.9298958333333334 0.8448726851851852 0.14020833333333335 0.22138888888888886
1 0.9051562499999999 0.6529513888888889 0.18968750000000015 0.24805555555555542
1 0.7554166666666666 0.6392824074074074 0.19395833333333332 0.2480555555555556
1 0.5880208333333333 0.62625 0.19395833333333332 0.2480555555555556
1 0.4507291666666666 0.5978819444444444 0.19395833333333332 0.2480555555555556
1 0.30093749999999997 0.5687731481481482 0.19395833333333332 0.24805555555555542
1 0.35791666666666666 0.41962962962962963 0.19395833333333332 0.2480555555555556
1 0.5130208333333333 0.45839120370370373 0.19395833333333332 0.2480555555555556
1 0.6459374999999999 0.46782407407407406 0.19395833333333332 0.2480555555555556
1 0.8265625 0.4925347222222222 0.1939583333333335 0.2480555555555556
1 0.7309375 0.3187847222222222 0.19395833333333332 0.24805555555555553
1 0.5861458333333334 0.2946412037037037 0.19395833333333332 0.2480555555555556
1 0.4130208333333333 0.2423611111111111 0.19395833333333332 0.24805555555555553
1 0.27375 0.32437499999999997 0.19395833333333332 0.24805555555555553
1 0.21968749999999998 0.47057870370370375 0.19395833333333332 0.24805555555555542
1 0.4961458333333333 0.13523148148148148 0.19229166666666658 0.22305555555555556