1 0.7864583333333333 0.4916435185185185 0.16722222222222224 0.2515046296296296
1 0.6786111111111112 0.5307291666666666 0.16722222222222208 0.2515046296296298
1 0.5380902777777778 0.5676620370370371 0.16722222222222224 0.2515046296296298
1 0.41680555555555554 0.5931018518518518 0.16722222222222224 0.2515046296296296
1 0.29920138888888886 0.6059490740740741 0.16722222222222224 0.2515046296296298
1 0.17850694444444443 0.6532175925925926 0.16722222222222224 0.2515046296296296
1 0.7557638888888889 0.4098495370370371 0.1395833333333334 0.19138888888888878
1 0.6448611111111111 0.4474652777777777 0.14652777777777787 0.20719907407407412
1 0.531875 0.4617361111111111 0.1458333333333332 0.19157407407407412
1 0.4311805555555555 0.48032407407407407 0.14854166666666657 0.1822916666666668
1 0.33034722222222224 0.5020370370370371 0.13888888888888892 0.17576388888888878
1 0.22538194444444443 0.5113888888888889 0.14555555555555558 0.1853240740740741