1 0.8383333333333333 0.5157407407407406 0.13104166666666686 0.23981481481481487
1 0.7283333333333333 0.5380208333333334 0.13104166666666667 0.23981481481481487
1 0.5865625 0.5548032407407407 0.13104166666666667 0.23981481481481487
1 0.4645833333333333 0.5622685185185186 0.13104166666666667 0.23981481481481487
1 0.34645833333333337 0.556886574074074 0.13104166666666667 0.23981481481481487
1 0.2228125 0.5864583333333334 0.13104166666666667 0.23981481481481487
1 0.8152083333333333 0.42795138888888884 0.11145833333333321 0.17928240740740745
1 0.7020833333333333 0.45046296296296295 0.115625 0.19513888888888892
1 0.5888541666666667 0.44785879629629627 0.11750000000000008 0.17662037037037043
1 0.48697916666666663 0.45069444444444445 0.12312499999999993 0.1677083333333332
1 0.3854166666666667 0.45821759259259254 0.11354166666666661 0.16388888888888892
1 0.2813541666666667 0.4517939814814815 0.11708333333333334 0.17037037037037042