1 0.2 0.41574074074074074 0.18976851851851856 0.1877314814814815
1 0.18903935185185186 0.5697337962962963 0.21502314814814816 0.19178240740740743
1 0.27091435185185186 0.8629050925925925 0.14506944444444442 0.1362268518518519
1 0.35332175925925924 0.3740162037037037 0.18976851851851856 0.1877314814814815
1 0.5307523148148148 0.3204282407407407 0.18976851851851856 0.1877314814814815
1 0.6928703703703704 0.30972222222222223 0.18976851851851856 0.1877314814814815
1 0.8380902777777777 0.2839699074074074 0.18976851851851856 0.1877314814814815
1 0.3424884259259259 0.5295717592592593 0.2150231481481482 0.19178240740740743
1 0.4891435185185185 0.502199074074074 0.2150231481481482 0.19178240740740743
1 0.6219907407407408 0.47847222222222224 0.16400462962962958 0.17743055555555554
1 0.7627777777777778 0.4560185185185185 0.16400462962962958 0.17743055555555554
1 0.3020601851851852 0.7065972222222222 0.16400462962962967 0.17743055555555554
1 0.4535300925925926 0.680613425925926 0.16400462962962975 0.17743055555555554
1 0.5895717592592593 0.6191550925925926 0.16400462962962975 0.17743055555555554
1 0.7248726851851852 0.6063078703703704 0.16400462962962958 0.1774305555555557
1 0.8809953703703703 0.5989583333333333 0.16400462962962975 0.17743055555555554
1 0.4215277777777778 0.8071759259259259 0.14506944444444442 0.1362268518518519
1 0.5469791666666667 0.7696180555555555 0.14506944444444442 0.1362268518518519
1 0.6845138888888889 0.7457175925925925 0.14506944444444442 0.1362268518518519
1 0.8095486111111111 0.7222800925925925 0.14506944444444442 0.1362268518518519
1 0.5191203703703703 0.9085648148148149 0.14347222222222236 0.15486111111111142
1 0.6496064814814815 0.8943287037037037 0.14499999999999993 0.17361111111111108
1 0.7805092592592592 0.8659722222222224 0.14499999999999993 0.17361111111111108
1 0.9163541666666667 0.8405671296296295 0.1450000000000003 0.17361111111111108