5 0.265037 0.0835806 0.0975369 0.167161
5 0.743472 0.819178 0.0674341 0.219104
5 0.839992 0.448219 0.0619211 0.205464
5 0.628469 0.826333 0.0517663 0.236575
5 0.632385 0.451702 0.0564025 0.223169
5 0.977986 0.772539 0.0440282 0.208392
5 0.684859 0.821012 0.0646667 0.238382
5 0.900068 0.446893 0.0585857 0.197991
5 0.819861 0.800268 0.0647522 0.208237
5 0.264244 0.903874 0.0863787 0.192253
5 0.340803 0.0869336 0.0715102 0.173531
5 0.508068 0.0896387 0.0707793 0.176396
5 0.682403 0.483099 0.0551106 0.169288
5 0.68935 0.0880198 0.0604637 0.175072
5 0.745806 0.0889544 0.0733562 0.177909
5 0.735026 0.478406 0.0612332 0.174019
5 0.868791 0.0897085 0.0706459 0.179417
5 0.349873 0.885652 0.0732658 0.223212
5 0.411471 0.482431 0.0859007 0.223185
5 0.782626 0.460106 0.0572827 0.186601
5 0.507745 0.858255 0.0802492 0.236622
5 0.242328 0.506518 0.0786389 0.211227
5 0.809903 0.0897459 0.0627905 0.179492
5 0.885743 0.797789 0.0665724 0.198409
5 0.94356 0.446952 0.0655872 0.193232
5 0.94228 0.0961188 0.080534 0.191721
5 0.41952 0.869966 0.0775812 0.251303
5 0.341105 0.484255 0.0750566 0.229959
5 0.503604 0.468439 0.075946 0.237384
5 0.638741 0.0879133 0.0644571 0.164416
5 0.165383 0.0839874 0.0800591 0.163995
5 0.33335 0.890844 0.0537806 0.218313
5 0.321314 0.483938 0.0813154 0.236786
5 0.510132 0.515986 0.0498135 0.124214
5 0.965708 0.0969673 0.0685846 0.191173
5 0.974756 0.133332 0.0504874 0.106695
5 0.407746 0.0890257 0.0631547 0.176208
5 0.444867 0.0898477 0.0644561 0.177179
5 0.930178 0.788144 0.0536438 0.202549
5 0.574724 0.40015 0.0431213 0.109108
5 0.962137 0.445621 0.0757263 0.196477
5 0.347061 0.477917 0.0549729 0.249221
5 0.395777 0.483069 0.0683759 0.231843
5 0.475843 0.46336 0.0502063 0.245927
5 0.974778 0.813171 0.0390888 0.126511
5 0.743106 0.466571 0.0707472 0.181981
5 0.329133 0.848684 0.0340259 0.120053
5 0.488716 0.860157 0.0526106 0.240799
5 0.690644 0.465996 0.0580652 0.188697
5 0.421189 0.0905067 0.0714999 0.174117
5 0.461515 0.0873112 0.0539835 0.172719
5 0.218511 0.0814275 0.0639548 0.162462
5 0.361374 0.885664 0.0534565 0.228672
5 0.976051 0.0968359 0.0478989 0.193672
5 0.978126 0.441725 0.0437472 0.199705
5 0.430431 0.483531 0.0544679 0.220033
5 0.572111 0.0876472 0.0623924 0.174133
5 0.931021 0.814418 0.0445896 0.133325
5 0.434644 0.479843 0.0762542 0.2226
5 0.824868 0.0890332 0.0663143 0.177456
5 0.494357 0.513998 0.0722048 0.132623
5 0.919748 0.0945853 0.049992 0.187505
5 0.415524 0.349859 0.0621431 0.0706041
5 0.528999 0.509604 0.0386566 0.133027
5 0.311469 0.490843 0.0484929 0.244554
5 0.771385 0.472151 0.068647 0.166063
5 0.298948 0.491709 0.0565841 0.226185
5 0.198443 0.0839758 0.0501707 0.166872
5 0.717896 0.482683 0.0601358 0.169783
5 0.433825 0.860749 0.0839384 0.240226
5 0.912319 0.794578 0.083736 0.194947
5 0.385808 0.0887815 0.0429002 0.169714
5 0.985799 0.383556 0.0262285 0.084411
5 0.486183 0.468669 0.0558254 0.226548
5 0.520043 0.852879 0.05042 0.23601
5 0.826041 0.0984213 0.0468014 0.159313
5 0.966193 0.475728 0.0404614 0.122958
5 0.269009 0.872532 0.0977013 0.254935
5 0.905667 0.454593 0.0441536 0.172903
5 0.937882 0.817519 0.0382362 0.120691
5 0.811455 0.45554 0.047776 0.19401
5 0.289752 0.493733 0.0407507 0.229754
5 0.747664 0.773019 0.0481183 0.110801
5 0.418973 0.516257 0.0585299 0.148058
5 0.969107 0.715973 0.0297247 0.0829136
5 0.879671 0.804935 0.0535076 0.163841
5 0.57584 0.795819 0.0431569 0.241162
5 0.353198 0.492902 0.0444417 0.230081
5 0.743033 0.769045 0.0768855 0.136324
5 0.831113 0.798948 0.0716375 0.200599
5 0.785335 0.812174 0.0546707 0.212988
5 0.903436 0.430587 0.0460785 0.156127
5 0.500184 0.402453 0.0294628 0.123484
5 0.301893 0.086146 0.0520945 0.170547
5 0.825127 0.808068 0.0548925 0.148053
5 0.176633 0.91432 0.0825056 0.17079
5 0.362837 0.858955 0.0397748 0.145253
5 0.312179 0.431276 0.0268623 0.112101
5 0.847292 0.092874 0.0686279 0.184328
5 0.266819 0.828955 0.0974641 0.163383
5 0.573639 0.0673612 0.0560274 0.134722
5 0.932872 0.133488 0.048156 0.108711
5 0.949214 0.0844057 0.101572 0.167878
5 0.769274 0.817778 0.0731224 0.205894
5 0.468516 0.472753 0.0665076 0.22226
5 0.26198 0.90723 0.0505091 0.18554
5 0.36311 0.829291 0.0393012 0.0843699
5 0.87963 0.113948 0.0548359 0.129918
5 0.317881 0.428769 0.0291483 0.114549
5 0.473298 0.401719 0.0551114 0.136542
5 0.798132 0.80598 0.0628128 0.211463
5 0.440514 0.869287 0.0613132 0.250616
5 0.680369 0.726719 0.054879 0.0602841
5 0.88732 0.0950326 0.0522976 0.188319
5 0.622237 0.0770951 0.030455 0.106302
5 0.535778 0.513185 0.0288073 0.122782
5 0.495333 0.862724 0.0492243 0.204042
5 0.515453 0.891243 0.0498579 0.160652
5 0.731721 0.81611 0.0762854 0.23313
5 0.326204 0.501414 0.0522238 0.20941
5 0.98567 0.43844 0.0269085 0.20055
5 0.432644 0.483243 0.0346167 0.214043
5 0.929238 0.0948106 0.0546154 0.189621
5 0.699792 0.0913565 0.0392792 0.158973
5 0.411871 0.720063 0.046102 0.0497629
5 0.744873 0.867923 0.0621621 0.11377
5 0.529176 0.393019 0.0386869 0.130987
5 0.920761 0.728277 0.0611395 0.0681324
5 0.63172 0.472513 0.0511116 0.168643
5 0.503538 0.853629 0.0377817 0.184251
5 0.421495 0.104422 0.0601351 0.140212
5 0.291618 0.449552 0.0286529 0.139065
5 0.473755 0.415821 0.0380964 0.145427
5 0.677781 0.456236 0.0603233 0.223041
5 0.425233 0.897639 0.0558445 0.19064
5 0.517021 0.424786 0.0569626 0.167868
5 0.258087 0.47607 0.0412335 0.144067
5 0.593808 0.0875059 0.0394723 0.172611
5 0.456995 0.0870184 0.0334604 0.17229
5 0.938997 0.460727 0.03006 0.149595
5 0.685878 0.856882 0.0538524 0.154358
5 0.406619 0.875804 0.0641088 0.238778
5 0.347994 0.0993038 0.0553462 0.136648
5 0.452234 0.469381 0.0633455 0.237706
5 0.315504 0.449076 0.032774 0.156587
5 0.873627 0.0968474 0.0473038 0.180946
5 0.524861 0.402381 0.0277401 0.115291
5 0.983559 0.4723 0.0324059 0.122128
5 0.962031 0.458619 0.0401529 0.151593
5 0.355619 0.391281 0.0241331 0.0801336
5 0.993061 0.775816 0.0138781 0.202492
5 0.799522 0.454426 0.0793541 0.197033
5 0.831179 0.110397 0.0418522 0.129984
5 0.419776 0.48352 0.0580204 0.208344
5 0.987989 0.44368 0.0220795 0.159864
5 0.834893 0.0924088 0.102658 0.184481
5 0.753992 0.774185 0.0345716 0.103247
5 0.982292 0.417883 0.0354158 0.245791
5 0.552188 0.848629 0.059366 0.23171
5 0.701686 0.0919452 0.0866429 0.183724
5 0.783972 0.423602 0.0513828 0.0863014
5 0.988403 0.809422 0.0225492 0.119464
5 0.291333 0.0820678 0.0425913 0.164136
5 0.857796 0.448701 0.025515 0.208887
5 0.561863 0.458245 0.0579825 0.230996
5 0.216591 0.0800323 0.044439 0.160031
5 0.628617 0.77175 0.0467352 0.0962342
5 0.245325 0.899736 0.0702231 0.200528
5 0.954692 0.789119 0.0608322 0.198222
5 0.734198 0.866262 0.0423492 0.11975
5 0.469597 0.438256 0.0330276 0.171734
5 0.345841 0.930533 0.0623314 0.138934
5 0.628183 0.797635 0.0443704 0.150775
5 0.228593 0.47486 0.0390752 0.12039
5 0.404888 0.813945 0.0415575 0.131791
5 0.820565 0.788657 0.0563126 0.0813314
5 0.365979 0.890218 0.0336361 0.20299
5 0.74493 0.102355 0.0594592 0.148076
5 0.511373 0.458448 0.0546799 0.229802
5 0.800172 0.0804894 0.0408474 0.160979
5 0.512364 0.12219 0.0497023 0.104031
5 0.751689 0.877754 0.0564828 0.0853237
5 0.325447 0.856716 0.032442 0.100945
5 0.571293 0.517358 0.0415366 0.124022
5 0.324239 0.427657 0.0276895 0.120408
5 0.392065 0.440674 0.0405183 0.131274
5 0.475523 0.524659 0.0342093 0.108725
5 0.691971 0.110511 0.0545366 0.125834
5 0.349127 0.458562 0.0355731 0.19778
5 0.843094 0.474798 0.0575283 0.147136
5 0.757228 0.0990379 0.0561015 0.155766
5 0.681217 0.383127 0.0432127 0.0450263
5 0.511861 0.0945667 0.0511793 0.154523
5 0.506748 0.834611 0.0308363 0.147914
5 0.330992 0.842522 0.0261131 0.100352
5 0.630964 0.093554 0.0454225 0.142433
5 0.582062 0.81451 0.0473004 0.253218
5 0.824099 0.779173 0.0567024 0.152499
5 0.423084 0.806146 0.0440594 0.121208
5 0.648113 0.820252 0.0878458 0.23778
5 0.266894 0.789972 0.0953287 0.087097
5 0.516441 0.909516 0.0480608 0.113218
5 0.831531 0.452611 0.0409168 0.206118
5 0.343248 0.847107 0.0211458 0.107938
5 0.583843 0.402688 0.0226117 0.0965488
5 0.357094 0.51883 0.0420319 0.152883
5 0.539066 0.852029 0.0692833 0.249092
5 0.922611 0.818414 0.033551 0.130188
5 0.306428 0.434694 0.0195941 0.112892
5 0.89656 0.820098 0.0324936 0.135051
5 0.835343 0.813535 0.0385321 0.14074
5 0.260767 0.0836679 0.0683753 0.167336
5 0.896349 0.803557 0.0567253 0.158291
5 0.329455 0.525443 0.0537091 0.149873
5 0.366961 0.828329 0.0323994 0.100041
5 0.971159 0.732827 0.0323107 0.117938
5 0.987352 0.766877 0.0240486 0.187128
5 0.325453 0.447923 0.0361711 0.169429
5 0.575599 0.498121 0.039682 0.155598
5 0.512424 0.814328 0.0286118 0.157276
5 0.785927 0.502976 0.0504798 0.0923882
5 0.353089 0.402281 0.0313389 0.100146
5 0.422448 0.798796 0.028796 0.102256
5 0.820635 0.737749 0.059487 0.0824135
4 0.636026 0.0905103 0.0576519 0.156705
5 0.597705 0.0876869 0.0624107 0.170915
5 0.560831 0.397032 0.0225405 0.0912935
5 0.199875 0.845469 0.041195 0.0792103
5 0.574767 0.746169 0.0434249 0.142776
5 0.36782 0.920049 0.0350476 0.159599
5 0.964119 0.814523 0.0470032 0.103493
5 0.604749 0.827556 0.0844009 0.252111
5 0.627434 0.870949 0.0494804 0.133562
5 0.4018 0.8043 0.0339621 0.106362
5 0.518312 0.397205 0.0596907 0.130669
5 0.38457 0.437927 0.0313401 0.122941
5 0.830352 0.788485 0.0466061 0.139235
5 0.418335 0.39006 0.0760523 0.136006
5 0.783055 0.485128 0.0587067 0.131437
5 0.958559 0.476145 0.0433981 0.12395
5 0.574831 0.131536 0.0585026 0.263071
5 0.873999 0.442195 0.023704 0.185238
5 0.792228 0.484405 0.040925 0.133191
5 0.783924 0.410306 0.0509712 0.0641682
5 0.509922 0.826932 0.0210295 0.140062
5 0.629932 0.496727 0.0513478 0.122237
5 0.848695 0.49233 0.0456158 0.112873
5 0.999954 0.442268 9.16481e-05 0.204204
6 0.953631 0.0968825 0.0927384 0.189988
5 0.666957 0.451935 0.0706414 0.221852
5 0.782686 0.448119 0.0548145 0.133372
5 0.933415 0.807348 0.0446144 0.102649
5 0.288071 0.448884 0.0268923 0.103941
5 0.635656 0.374209 0.0530956 0.0714385
5 0.532143 0.887041 0.0359962 0.150114
5 0.863741 0.0972973 0.0494692 0.184826
5 0.760454 0.490932 0.0481691 0.118252
5 0.619967 0.693987 0.0301907 0.0496472
5 0.45209 0.907247 0.0397764 0.133747
5 0.465216 0.460227 0.0269767 0.208341
5 0.988986 0.474689 0.0209591 0.118104
5 0.901612 0.39602 0.0460611 0.0913117
5 0.633686 0.402688 0.0621305 0.124195
5 0.275229 0.0906117 0.0518114 0.147453
5 0.187725 0.906481 0.0703504 0.186964
5 0.414867 0.825997 0.0617467 0.166954
5 0.633717 0.84335 0.0506289 0.197758
5 0.944103 0.476417 0.0547237 0.128316
5 0.736422 0.0961336 0.0413182 0.158966
5 0.933302 0.47889 0.0370504 0.127184
5 0.244904 0.492095 0.0634513 0.167631
5 0.408381 0.430299 0.0357294 0.0971709
5 0.484543 0.856928 0.0332903 0.192472
5 0.341235 0.519455 0.0643735 0.158374
5 0.630957 0.89251 0.0434996 0.0943798
5 0.247664 0.479913 0.0799861 0.158455
5 0.532511 0.0611351 0.0262608 0.120516
5 0.452542 0.870877 0.0381081 0.205776
5 0.433209 0.447236 0.0423693 0.131468
5 0.947724 0.445545 0.0461969 0.191183
5 0.643549 0.0948774 0.0492006 0.142773
5 0.4753 0.509107 0.038969 0.145819
5 0.688862 0.834287 0.0520187 0.191706
5 0.423806 0.430843 0.0473793 0.0969872
5 0.636258 0.977067 0.0632987 0.0416676
5 0.329521 0.0794457 0.042973 0.158891
5 0.855843 0.472808 0.0321388 0.151226
5 0.335019 0.834083 0.0311856 0.0856251
5 0.99947 0.102377 0.00105972 0.181773
5 0.450458 0.53595 0.0296913 0.0906956
5 0.970802 0.313843 0.0583951 0.0593569
5 0.874089 0.822871 0.0374546 0.135335
5 0.523912 0.451941 0.0454121 0.212512
5 0.56439 0.521987 0.0253525 0.134646
5 0.830086 0.482888 0.0345381 0.131022
5 0.745667 0.806021 0.037044 0.1659
5 0.426313 0.920922 0.0542841 0.13047
5 0.499997 0.409874 0.0220827 0.100316
5 0.793592 0.500829 0.0377745 0.0991266
5 0.911275 0.470719 0.0399351 0.144061
