4 0.482089 0.432563 0.0216166 0.163548
2 0.552174 0.342707 0.0237415 0.0631985
2 0.464472 0.328932 0.0263833 0.0603253
4 0.442804 0.32687 0.0252712 0.0613981
2 0.442804 0.32687 0.0252712 0.0613981
2 0.482089 0.432563 0.0216166 0.163548
2 0.428598 0.324574 0.0206573 0.0627527
2 0.383936 0.440347 0.0282833 0.19394
4 0.552174 0.342707 0.0237415 0.0631985
3 0.48221 0.429986 0.0212284 0.163821
3 0.45972 0.430953 0.0264993 0.167786
4 0.409616 0.438626 0.0294729 0.189501
2 0.502782 0.434098 0.0283168 0.156716
3 0.44442 0.432928 0.0244225 0.170356
4 0.386979 0.3203 0.0254448 0.0672919
2 0.471003 0.431572 0.0388432 0.169908
4 0.502782 0.434098 0.0283168 0.156716
4 0.538486 0.339226 0.0270623 0.0650742
4 0.464472 0.328932 0.0263833 0.0603253
4 0.455563 0.327819 0.0214128 0.0607718
2 0.455563 0.327819 0.0214128 0.0607718
4 0.436342 0.432451 0.0306768 0.172044
4 0.573405 0.342431 0.0262825 0.0629027
2 0.462837 0.432177 0.0379393 0.162859
4 0.557659 0.434499 0.0319325 0.152696
2 0.573405 0.342431 0.0262825 0.0629027
2 0.5297 0.335874 0.0268942 0.0638908
4 0.412966 0.318078 0.027829 0.07377
2 0.477707 0.332038 0.0254638 0.0681384
4 0.428598 0.324574 0.0206573 0.0627527
4 0.407632 0.319711 0.0242994 0.0676946
3 0.46879 0.429766 0.0378523 0.167671
2 0.505836 0.3295 0.0215203 0.062482
4 0.578361 0.338501 0.0248526 0.0652337
4 0.5297 0.335874 0.0268942 0.0638908
2 0.538486 0.339226 0.0270623 0.0650742
4 0.384015 0.439197 0.0287027 0.19657
2 0.487495 0.334013 0.0304723 0.073536
4 0.463427 0.433342 0.0356524 0.168314
2 0.386979 0.3203 0.0254448 0.0672919
4 0.504913 0.331842 0.0251982 0.0642749
2 0.409616 0.438626 0.0294729 0.189501
2 0.481747 0.330319 0.022505 0.0659413
2 0.460341 0.327932 0.020221 0.0574815
2 0.436364 0.433315 0.0291409 0.179541
2 0.465531 0.432052 0.026551 0.157966
4 0.516367 0.333015 0.0245087 0.0632124
3 0.559175 0.430816 0.02815 0.153733
2 0.734641 0.131928 0.0353153 0.124099
2 0.413142 0.319338 0.0254959 0.0671293
4 0.5672 0.434293 0.0301068 0.151171
2 0.446098 0.432321 0.0304972 0.172592
2 0.516367 0.333015 0.0245087 0.0632124
2 0.523887 0.432886 0.0221611 0.153486
3 0.502778 0.432735 0.0263103 0.15634
2 0.557659 0.434499 0.0319325 0.152696
4 0.446098 0.432321 0.0304972 0.172592
2 0.407632 0.319711 0.0242994 0.0676946
2 0.555889 0.343053 0.019738 0.0661782
3 0.434228 0.433784 0.0246268 0.175233
4 0.471003 0.431572 0.0388432 0.169908
2 0.666383 0.095875 0.0222617 0.14116
3 0.383936 0.440347 0.0282833 0.19394
2 0.45972 0.430953 0.0264993 0.167786
2 0.761721 0.408701 0.0371593 0.137111
2 0.808832 0.705155 0.0390884 0.129674
4 0.477707 0.332038 0.0254638 0.0681384
4 0.460341 0.327932 0.020221 0.0574815
3 0.714531 0.402215 0.0481204 0.169855
2 0.578361 0.338501 0.0248526 0.0652337
3 0.493427 0.883124 0.0275248 0.147065
3 0.552174 0.342707 0.0237415 0.0631985
2 0.508623 0.0518754 0.0292498 0.103751
4 0.4884 0.334412 0.0302994 0.0713131
3 0.410419 0.431869 0.0422716 0.176275
3 0.409635 0.43627 0.0289264 0.185668
2 0.44207 0.763663 0.0301149 0.160168
2 0.580424 0.433454 0.0202768 0.149374
4 0.546313 0.434129 0.0282791 0.154238
2 0.522107 0.330645 0.0211674 0.0600382
2 0.470178 0.890978 0.0291327 0.151001
2 0.545082 0.431514 0.0251485 0.1581
2 0.5672 0.434293 0.0301068 0.151171
3 0.47176 0.892453 0.0336699 0.154255
2 0.688186 0.40275 0.0332133 0.177188
3 0.666383 0.095875 0.0222617 0.14116
2 0.463923 0.750468 0.0312663 0.152442
3 0.259442 0.412926 0.0383942 0.250365
3 0.545082 0.431514 0.0251485 0.1581
2 0.3565 0.313432 0.0223186 0.0703878
3 0.228396 0.417996 0.0418407 0.244249
2 0.784648 0.153158 0.0381559 0.124447
3 0.687672 0.401215 0.0427804 0.179765
2 0.771153 0.742831 0.0327091 0.124745
2 0.36941 0.941071 0.0364847 0.117858
3 0.580424 0.433454 0.0202768 0.149374
3 0.456246 0.327194 0.0210599 0.0629675
5 0.552174 0.342707 0.0237415 0.0631985
3 0.59689 0.430426 0.020385 0.149132
2 0.608937 0.0753368 0.0451273 0.144007
3 0.365981 0.796367 0.0502211 0.177847
3 0.440252 0.431505 0.0468027 0.171672
3 0.434728 0.325925 0.0283253 0.0557837
5 0.442804 0.32687 0.0252712 0.0613981
4 0.523887 0.432886 0.0221611 0.153486
2 0.418277 0.318651 0.0202826 0.0619997
2 0.493427 0.883124 0.0275248 0.147065
2 0.710628 0.123118 0.0219929 0.11814
3 0.290662 0.404653 0.0388812 0.257758
2 0.549502 0.863583 0.0553076 0.145596
2 0.713341 0.404197 0.03627 0.165944
2 0.855506 0.410369 0.036754 0.11806
3 0.460303 0.328484 0.0223455 0.0556233
2 0.418448 0.77316 0.0274602 0.167305
2 0.859342 0.666867 0.0456234 0.145474
2 0.69292 0.128177 0.0198884 0.0976161
2 0.354669 0.432682 0.0329114 0.178516
3 0.555889 0.343053 0.019738 0.0661782
5 0.538486 0.339226 0.0270623 0.0650742
3 0.731438 0.404581 0.0366764 0.157939
4 0.580424 0.433454 0.0202768 0.149374
4 0.411994 0.430611 0.0427911 0.171183
5 0.5297 0.335874 0.0268942 0.0638908
2 0.813186 0.698541 0.0279604 0.131839
4 0.597495 0.429047 0.0193869 0.152691
3 0.76116 0.40874 0.0404796 0.137328
2 0.477669 0.428007 0.0225142 0.150054
2 0.5949 0.432366 0.0182567 0.148587
2 0.572564 0.436231 0.0292194 0.153346
4 0.336964 0.808282 0.0357297 0.176398
3 0.386979 0.3203 0.0254448 0.0672919
2 0.72319 0.761697 0.0181698 0.12699
3 0.5672 0.434293 0.0301068 0.151171
2 0.732618 0.406004 0.0307945 0.147335
3 0.428598 0.324574 0.0206573 0.0627527
4 0.179161 0.353866 0.0562167 0.379216
2 0.544564 0.340177 0.0195255 0.0660957
2 0.544003 0.0606131 0.0266315 0.119555
3 0.544003 0.0606131 0.0266315 0.119555
5 0.573405 0.342431 0.0262825 0.0629027
3 0.464472 0.328932 0.0263833 0.0603253
3 0.640981 0.0774728 0.047501 0.151937
4 0.177845 0.370275 0.0785733 0.354898
2 0.691128 0.0891427 0.0333103 0.172159
5 0.578361 0.338501 0.0248526 0.0652337
4 0.418448 0.77316 0.0274602 0.167305
3 0.651588 0.403134 0.0255995 0.197841
3 0.442804 0.32687 0.0252712 0.0613981
3 0.52312 0.433222 0.0221455 0.154847
3 0.612786 0.0743845 0.0557865 0.146035
2 0.336278 0.806557 0.0344658 0.181106
2 0.564616 0.0670871 0.0275674 0.127645
2 0.434728 0.325925 0.0283253 0.0557837
4 0.562581 0.430762 0.0220874 0.152485
5 0.464472 0.328932 0.0263833 0.0603253
3 0.479423 0.330973 0.024617 0.063417
3 0.465531 0.432052 0.026551 0.157966
4 0.481747 0.330319 0.022505 0.0659413
3 0.535322 0.337965 0.0313376 0.0675303
3 0.485034 0.331583 0.0318031 0.0635628
4 0.367068 0.798237 0.0361781 0.181411
3 0.443081 0.759933 0.0348591 0.168608
2 0.358187 0.310211 0.0284532 0.0800104
2 0.528648 0.726802 0.0329075 0.135474
2 0.528714 0.0569147 0.02576 0.113829
4 0.522107 0.330645 0.0211674 0.0600382
4 0.290662 0.404653 0.0388812 0.257758
3 0.463923 0.750468 0.0312663 0.152442
4 0.771153 0.742831 0.0327091 0.124745
2 0.588359 0.0688656 0.0305915 0.132833
2 0.392238 0.782565 0.0327984 0.173911
4 0.687935 0.402593 0.0371514 0.175418
3 0.354188 0.434832 0.0352895 0.180561
3 0.469425 0.85344 0.0273726 0.0700172
2 0.608787 0.427751 0.0314733 0.150991
3 0.608787 0.427751 0.0314733 0.150991
3 0.652409 0.401712 0.038031 0.185722
2 0.507542 0.729728 0.0303971 0.150187
3 0.528058 0.729203 0.0321077 0.146433
3 0.459858 0.748011 0.0430683 0.161189
3 0.493043 0.844494 0.0261963 0.0644505
4 0.76238 0.411218 0.036282 0.144483
5 0.413142 0.319338 0.0254959 0.0671293
2 0.486626 0.047927 0.0239658 0.0958541
3 0.713718 0.400629 0.0297523 0.180714
2 0.561503 0.433092 0.022715 0.151856
5 0.487495 0.334013 0.0304723 0.073536
3 0.487563 0.736483 0.0376282 0.162415
2 0.742509 0.74605 0.0220482 0.129465
2 0.641064 0.0794596 0.0312639 0.152188
2 0.658563 0.402865 0.0342236 0.180937
2 0.641757 0.40869 0.0435259 0.172171
4 0.123919 0.36814 0.0355993 0.35859
2 0.433105 0.322517 0.0191424 0.0585011
3 0.594365 0.0692068 0.0484747 0.136115
2 0.489813 0.733162 0.0434384 0.159202
4 0.360636 0.315445 0.0282215 0.0731623
2 0.366799 0.801168 0.0397953 0.18246
3 0.5297 0.335874 0.0268942 0.0638908
2 0.522644 0.730807 0.0335869 0.134065
4 0.392238 0.782565 0.0327984 0.173911
2 0.229518 0.398075 0.0455063 0.284701
2 0.259442 0.412926 0.0383942 0.250365
3 0.666311 0.403707 0.0163493 0.193197
3 0.69292 0.128177 0.0198884 0.0976161
3 0.409167 0.31813 0.0249348 0.0645446
4 0.442141 0.430245 0.0501036 0.165048
2 0.469425 0.85344 0.0273726 0.0700172
4 0.22797 0.414787 0.0406338 0.246845
2 0.598065 0.434413 0.0189188 0.136749
3 0.641582 0.405378 0.0574759 0.183572
3 0.468625 0.429962 0.0535221 0.160377
4 0.25838 0.412046 0.0384584 0.248413
2 0.644055 0.0937113 0.0273344 0.130024
2 0.759669 0.141668 0.0345448 0.12797
2 0.497282 0.429592 0.0241782 0.150774
3 0.333921 0.80763 0.0402967 0.179141
3 0.575151 0.337804 0.0229492 0.0587599
4 0.418277 0.318651 0.0202826 0.0619997
4 0.354188 0.434832 0.0352895 0.180561
3 0.418448 0.77316 0.0274602 0.167305
2 0.795047 0.412637 0.042297 0.127702
4 0.813186 0.698541 0.0279604 0.131839
5 0.428598 0.324574 0.0206573 0.0627527
2 0.362056 0.316322 0.0273146 0.069246
3 0.721327 0.754019 0.0202995 0.147306
2 0.821911 0.176269 0.0177193 0.0952594
3 0.478425 0.434623 0.0301521 0.164729
2 0.827737 0.412787 0.0329674 0.119293
2 0.339854 0.306208 0.0254597 0.0873637
3 0.693647 0.0979405 0.022233 0.155914
2 0.174243 0.369384 0.0658579 0.354448
4 0.713718 0.400629 0.0297523 0.180714
2 0.615264 0.422722 0.0204022 0.158668
3 0.66856 0.0873627 0.0323762 0.166961
4 0.459046 0.434781 0.0243933 0.165717
3 0.548053 0.863282 0.0485077 0.147976
4 0.734836 0.13013 0.0296553 0.123806
4 0.231076 0.389303 0.0474485 0.303794
2 0.538199 0.0590235 0.0377229 0.116107
3 0.769401 0.737538 0.0492052 0.135814
4 0.855506 0.410369 0.036754 0.11806
3 0.564325 0.0665693 0.026206 0.129236
4 0.50879 0.051357 0.0289077 0.102714
4 0.44207 0.763663 0.0301149 0.160168
3 0.679736 0.0955569 0.0169134 0.155851
4 0.30323 0.818827 0.0386805 0.1875
3 0.516205 0.854343 0.0290692 0.117187
2 0.647566 0.408899 0.0327543 0.184777
3 0.322006 0.402945 0.041437 0.258231
3 0.516249 0.829332 0.0273765 0.0704882
2 0.292481 0.405749 0.0387585 0.257465
3 0.517496 0.874666 0.0328646 0.157303
2 0.710501 0.136269 0.0161051 0.0853326
4 0.386227 0.316869 0.0333454 0.0807519
2 0.727341 0.749772 0.0178297 0.122255
4 0.653091 0.402293 0.0402882 0.179243
4 0.691128 0.0891427 0.0333103 0.172159
2 0.493043 0.844494 0.0261963 0.0644505
2 0.814 0.71375 0.0219095 0.105446
5 0.504462 0.331874 0.0257338 0.068064
2 0.740156 0.409272 0.0362372 0.15081
4 0.434728 0.325925 0.0283253 0.0557837
2 0.468044 0.0447083 0.022324 0.0894165
3 0.578361 0.338501 0.0248526 0.0652337
3 0.740156 0.409272 0.0362372 0.15081
3 0.727951 0.749928 0.0252317 0.142875
3 0.396355 0.903457 0.0319197 0.0879974
2 0.66856 0.0873627 0.0323762 0.166961
4 0.666605 0.0941171 0.0213118 0.148838
2 0.486305 0.742934 0.0312029 0.150365
4 0.557471 0.437685 0.0472284 0.167064
3 0.742509 0.74605 0.0220482 0.129465
3 0.506134 0.334078 0.0244698 0.0668489
3 0.392238 0.782565 0.0327984 0.173911
3 0.762985 0.140024 0.0432446 0.127601
4 0.608178 0.420169 0.0339139 0.154732
2 0.516205 0.854343 0.0290692 0.117187
3 0.588359 0.0688656 0.0305915 0.132833
3 0.36941 0.941071 0.0364847 0.117858
3 0.735857 0.130414 0.0391652 0.12765
2 0.491744 0.743067 0.0297502 0.135633
2 0.399589 0.929091 0.0394795 0.138242
3 0.508623 0.0518754 0.0292498 0.103751
4 0.477583 0.43309 0.0284518 0.160866
5 0.516367 0.333015 0.0245087 0.0632124
3 0.658563 0.402865 0.0342236 0.180937
4 0.641582 0.405378 0.0574759 0.183572
2 0.712938 0.410847 0.0264112 0.154487
3 0.389468 0.778672 0.0460679 0.175756
2 0.666311 0.403707 0.0163493 0.193197
4 0.859941 0.664934 0.0425301 0.145655
3 0.687032 0.401926 0.0292841 0.189987
2 0.734281 0.139324 0.0269384 0.101026
2 0.640981 0.0774728 0.047501 0.151937
4 0.468625 0.429962 0.0535221 0.160377
4 0.464365 0.755869 0.0327368 0.149009
2 0.727951 0.749928 0.0252317 0.142875
3 0.538199 0.0590235 0.0377229 0.116107
3 0.795717 0.408996 0.0473636 0.131917
