5 0.551739 0.518548 0.722752 0.505432
5 0.670381 0.509951 0.451239 0.492243
2 0.551739 0.518548 0.722752 0.505432
6 0.490462 0.931832 0.248881 0.135102
5 0.548401 0.452217 0.636637 0.370769
3 0.551708 0.516057 0.723579 0.515007
5 0.426207 0.435386 0.503053 0.320558
5 0.453617 0.520292 0.527162 0.482006
5 0.40282 0.572787 0.432174 0.377659
5 0.497571 0.395323 0.641345 0.290401
4 0.56262 0.518953 0.760338 0.521575
6 0.549111 0.524391 0.758514 0.512004
2 0.548401 0.452217 0.636637 0.370769
3 0.491704 0.932498 0.250726 0.134315
1 0.488923 0.931394 0.246186 0.135779
5 0.473893 0.9372 0.199326 0.124942
5 0.629982 0.421005 0.415388 0.302663
4 0.488923 0.931394 0.246186 0.135779
5 0.3845 0.510299 0.383825 0.439985
2 0.497571 0.395323 0.641345 0.290401
5 0.3982 0.366057 0.480147 0.268463
5 0.577906 0.397651 0.498317 0.263398
2 0.488923 0.931394 0.246186 0.135779
5 0.768496 0.564429 0.286004 0.389007
5 0.664285 0.394227 0.328089 0.249613
6 0.497571 0.395323 0.641345 0.290401
5 0.379047 0.401019 0.429419 0.261903
2 0.205028 0.942619 0.126188 0.114763
2 0.426207 0.435386 0.503053 0.320558
5 0.747104 0.597682 0.357315 0.367742
5 0.443256 0.344721 0.580376 0.318086
4 0.548401 0.452217 0.636637 0.370769
3 0.548401 0.452217 0.636637 0.370769
2 0.443256 0.344721 0.580376 0.318086
2 0.3982 0.366057 0.480147 0.268463
3 0.446661 0.54275 0.523888 0.454404
1 0.138283 0.562701 0.276566 0.323789
5 0.779294 0.503681 0.441411 0.490901
2 0.453617 0.520292 0.527162 0.482006
3 0.543308 0.273983 0.912558 0.547967
6 0.557496 0.424328 0.571154 0.310178
3 0.140663 0.570896 0.281327 0.344719
2 0.384001 0.506343 0.395321 0.446338
2 0.318019 0.344992 0.336408 0.199398
6 0.671493 0.379667 0.301532 0.243598
5 0.543308 0.273983 0.912558 0.547967
3 0.779294 0.503681 0.441411 0.490901
5 0.554617 0.566747 0.890767 0.562397
0 0.318019 0.344992 0.336408 0.199398
5 0.154354 0.121836 0.308708 0.243671
2 0.577906 0.397651 0.498317 0.263398
2 0.511113 0.388312 0.705849 0.488526
2 0.629982 0.421005 0.415388 0.302663
1 0.353144 0.392586 0.385111 0.244464
1 0.520557 0.426586 0.653045 0.318197
3 0.778886 0.518887 0.323909 0.46978
2 0.379047 0.401019 0.429419 0.261903
3 0.704347 0.506037 0.429581 0.487848
3 0.516253 0.402728 0.61991 0.277658
5 0.632077 0.170908 0.735846 0.341816
6 0.318019 0.344992 0.336408 0.199398
3 0.318019 0.344992 0.336408 0.199398
4 0.497571 0.395323 0.641345 0.290401
6 0.359802 0.555944 0.430936 0.407489
5 0.681721 0.436976 0.356687 0.340622
0 0.257629 0.331 0.22693 0.184307
5 0.159203 0.591877 0.318406 0.380117
0 0.495061 0.93377 0.263259 0.13246
6 0.472149 0.936165 0.316356 0.127669
6 0.140945 0.560987 0.28189 0.323631
3 0.372131 0.494653 0.363581 0.416045
3 0.257629 0.331 0.22693 0.184307
5 0.318019 0.344992 0.336408 0.199398
3 0.903814 0.654368 0.192372 0.36621
5 0.117508 0.0212234 0.235016 0.0424468
5 0.4877 0.929043 0.263903 0.140683
5 0.831401 0.119963 0.337198 0.239927
2 0.140663 0.570896 0.281327 0.344719
6 0.372131 0.494653 0.363581 0.416045
1 0.856146 0.461197 0.287708 0.462838
5 0.842054 0.0273302 0.315892 0.0546604
5 0.451996 0.211858 0.894669 0.423715
3 0.893336 0.509256 0.213327 0.410882
6 0.208212 0.943599 0.0979241 0.111214
4 0.907675 0.460533 0.0774021 0.0820271
6 0.680636 0.501871 0.39464 0.473304
1 0.372131 0.494653 0.363581 0.416045
5 0.576399 0.61557 0.716223 0.473638
1 0.472149 0.936165 0.316356 0.127669
5 0.703718 0.131803 0.592564 0.263605
2 0.321374 0.480472 0.417587 0.382035
0 0.343295 0.51792 0.376884 0.377196
0 0.144967 0.587509 0.289935 0.387345
3 0.443256 0.344721 0.580376 0.318086
6 0.353144 0.392586 0.385111 0.244464
1 0.664285 0.394227 0.328089 0.249613
5 0.337759 0.394562 0.379013 0.313898
5 0.900738 0.0189204 0.198525 0.0378407
6 0.3982 0.366057 0.480147 0.268463
2 0.844719 0.536849 0.310562 0.438476
2 0.664285 0.394227 0.328089 0.249613
1 0.318019 0.344992 0.336408 0.199398
6 0.842054 0.0273302 0.315892 0.0546604
5 0.939922 0.183211 0.110835 0.0788781
0 0.0781387 0.34166 0.156277 0.258982
0 0.281595 0.449342 0.440013 0.418546
0 0.337759 0.394562 0.379013 0.313898
0 0.778886 0.518887 0.323909 0.46978
5 0.851305 0.164867 0.29739 0.329733
1 0.464163 0.87447 0.326318 0.251059
6 0.775806 0.506234 0.448388 0.509268
6 0.385887 0.4366 0.419158 0.313441
0 0.779294 0.503681 0.441411 0.490901
5 0.318928 0.17539 0.637855 0.350781
1 0.883633 0.410278 0.232734 0.410859
6 0.58239 0.36641 0.479508 0.321865
6 0.464163 0.87447 0.326318 0.251059
3 0.865649 0.885222 0.25742 0.229556
1 0.896232 0.363763 0.207535 0.348015
4 0.433913 0.576121 0.518856 0.393243
5 0.407915 0.256949 0.815829 0.513897
2 0.779294 0.503681 0.441411 0.490901
1 0.844719 0.536849 0.310562 0.438476
5 0.235654 0.151654 0.471307 0.303309
1 0.069537 0.329926 0.139074 0.239702
5 0.527801 0.742492 0.687759 0.409219
6 0.903814 0.654368 0.192372 0.36621
4 0.321374 0.480472 0.417587 0.382035
0 0.0522268 0.341718 0.104454 0.264051
6 0.857242 0.0493619 0.285516 0.0987238
0 0.16087 0.493938 0.321741 0.425611
0 0.384001 0.506343 0.395321 0.446338
2 0.337759 0.394562 0.379013 0.313898
2 0.257629 0.331 0.22693 0.184307
4 0.362255 0.443667 0.373071 0.321532
1 0.511324 0.911768 0.319786 0.176464
0 0.200422 0.548802 0.400844 0.32383
0 0.487205 0.914304 0.257522 0.171391
3 0.671493 0.379667 0.301532 0.243598
1 0.257629 0.331 0.22693 0.184307
6 0.528281 0.457856 0.66969 0.385155
3 0.464163 0.87447 0.326318 0.251059
3 0.841653 0.48296 0.316695 0.479579
1 0.418608 0.411983 0.51277 0.302928
0 0.681721 0.436976 0.356687 0.340622
0 0.857242 0.0493619 0.285516 0.0987238
3 0.40282 0.572787 0.432174 0.377659
1 0.200422 0.548802 0.400844 0.32383
5 0.776734 0.110213 0.446532 0.220426
3 0.337759 0.394562 0.379013 0.313898
0 0.868708 0.87917 0.25639 0.24166
4 0.359802 0.555944 0.430936 0.407489
5 0.511113 0.388312 0.705849 0.488526
0 0.818045 0.551434 0.363911 0.415506
2 0.714453 0.510223 0.416532 0.502157
4 0.527801 0.742492 0.687759 0.409219
3 0.069537 0.329926 0.139074 0.239702
3 0.235654 0.151654 0.471307 0.303309
5 0.907675 0.460533 0.0774021 0.0820271
5 0.818045 0.551434 0.363911 0.415506
0 0.068218 0.863512 0.136436 0.272976
3 0.895448 0.781905 0.209105 0.424844
0 0.151485 0.349806 0.223006 0.273049
3 0.818045 0.551434 0.363911 0.415506
2 0.778886 0.518887 0.323909 0.46978
0 0.0590437 0.956886 0.118087 0.0862287
4 0.662717 0.511013 0.478525 0.490916
4 0.844719 0.536849 0.310562 0.438476
5 0.722162 0.166596 0.555676 0.333192
0 0.0881828 0.585463 0.176366 0.344305
2 0.154354 0.121836 0.308708 0.243671
5 0.173866 0.186013 0.347733 0.372025
0 0.82853 0.81388 0.34294 0.37224
4 0.472149 0.936165 0.316356 0.127669
0 0.859992 0.170876 0.280016 0.341753
1 0.577906 0.397651 0.498317 0.263398
5 0.321374 0.480472 0.417587 0.382035
3 0.383551 0.185838 0.767103 0.371676
0 0.858816 0.430523 0.282368 0.415633
3 0.202888 0.943353 0.143568 0.113293
0 0.874906 0.372123 0.250188 0.317993
4 0.511324 0.911768 0.319786 0.176464
2 0.27327 0.0858222 0.546541 0.171644
0 0.362255 0.443667 0.373071 0.321532
3 0.472149 0.936165 0.316356 0.127669
5 0.257629 0.331 0.22693 0.184307
2 0.383551 0.185838 0.767103 0.371676
5 0.0915482 0.0950982 0.183096 0.190196
0 0.464163 0.87447 0.326318 0.251059
6 0.893984 0.550568 0.212032 0.389425
0 0.841653 0.48296 0.316695 0.479579
1 0.359802 0.555944 0.430936 0.407489
0 0.611419 0.800374 0.715361 0.399253
0 0.723008 0.816246 0.553985 0.367508
0 0.749897 0.447921 0.413885 0.388227
1 0.629982 0.421005 0.415388 0.302663
2 0.527801 0.742492 0.687759 0.409219
3 0.173866 0.186013 0.347733 0.372025
3 0.915314 0.410881 0.169372 0.376811
0 0.769923 0.765791 0.460155 0.468418
0 0.933252 0.882239 0.133496 0.235522
0 0.842054 0.0273302 0.315892 0.0546604
0 0.902205 0.717093 0.195589 0.387506
0 0.11053 0.647929 0.221059 0.435885
0 0.664285 0.394227 0.328089 0.249613
0 0.76755 0.352226 0.296764 0.262461
1 0.590044 0.893407 0.537072 0.213186
4 0.353144 0.392586 0.385111 0.244464
1 0.108303 0.514991 0.216606 0.255022
1 0.092282 0.375778 0.184564 0.317973
3 0.842054 0.0273302 0.315892 0.0546604
3 0.857242 0.0493619 0.285516 0.0987238
0 0.104847 0.353983 0.209695 0.332938
0 0.365274 0.36365 0.414764 0.218542
4 0.318019 0.344992 0.336408 0.199398
3 0.3982 0.366057 0.480147 0.268463
5 0.844719 0.536849 0.310562 0.438476
0 0.883378 0.329178 0.233245 0.283884
6 0.895448 0.781905 0.209105 0.424844
6 0.257629 0.331 0.22693 0.184307
1 0.809679 0.516325 0.380642 0.466879
3 0.0590437 0.956886 0.118087 0.0862287
3 0.141982 0.100074 0.283964 0.200148
0 0.879962 0.251797 0.240077 0.384499
4 0.893336 0.509256 0.213327 0.410882
0 0.141982 0.100074 0.283964 0.200148
0 0.808095 0.31796 0.38381 0.385962
3 0.590044 0.893407 0.537072 0.213186
3 0.0512507 0.338616 0.102501 0.255674
2 0.856146 0.461197 0.287708 0.462838
4 0.577906 0.397651 0.498317 0.263398
6 0.658977 0.422467 0.370035 0.304669
4 0.903814 0.654368 0.192372 0.36621
0 0.244673 0.613771 0.489345 0.418961
0 0.124222 0.539691 0.248443 0.282174
6 0.527801 0.742492 0.687759 0.409219
0 0.799779 0.968489 0.207084 0.0630226
0 0.0950468 0.161002 0.190094 0.322005
2 0.769923 0.765791 0.460155 0.468418
3 0.068218 0.863512 0.136436 0.272976
0 0.847585 0.580152 0.30483 0.400025
2 0.82853 0.81388 0.34294 0.37224
4 0.779294 0.503681 0.441411 0.490901
0 0.762449 0.853769 0.475102 0.292462
0 0.0838557 0.966803 0.167711 0.0663944
5 0.892527 0.167733 0.214946 0.335465
4 0.842054 0.0273302 0.315892 0.0546604
2 0.0915482 0.0950982 0.183096 0.190196
5 0.0988233 0.115673 0.197647 0.231346
1 0.812895 0.711106 0.374211 0.431503
2 0.554617 0.566747 0.890767 0.562397
0 0.522628 0.505037 0.671733 0.52789
0 0.920442 0.363606 0.159116 0.349787
0 0.839742 0.965819 0.213021 0.068363
5 0.856146 0.461197 0.287708 0.462838
1 0.896626 0.238593 0.206748 0.399653
5 0.185301 0.0862877 0.370602 0.172575
2 0.683022 0.577191 0.456999 0.394643
0 0.896626 0.238593 0.206748 0.399653
0 0.895448 0.781905 0.209105 0.424844
0 0.352396 0.78949 0.673275 0.42102
4 0.13956 0.595964 0.27912 0.392128
0 0.0641184 0.557973 0.128237 0.320078
0 0.0868266 0.19252 0.173653 0.38504
2 0.903814 0.654368 0.192372 0.36621
0 0.918936 0.259725 0.162128 0.346642
0 0.243241 0.957905 0.289411 0.08419
6 0.902538 0.459086 0.194924 0.404473
0 0.0856557 0.870831 0.171311 0.258337
4 0.257629 0.331 0.22693 0.184307
0 0.898181 0.596746 0.203638 0.373391
3 0.544526 0.324464 0.78543 0.648928
2 0.46732 0.264109 0.93464 0.528217
1 0.892527 0.167733 0.214946 0.335465
5 0.699543 0.082924 0.579903 0.165848
3 0.844719 0.536849 0.310562 0.438476
0 0.45258 0.278172 0.887494 0.556345
0 0.788619 0.25852 0.422762 0.517041
0 0.725473 0.353095 0.344042 0.391198
6 0.778886 0.518887 0.323909 0.46978
0 0.17301 0.950093 0.215607 0.0998143
3 0.681448 0.720899 0.603512 0.398274
6 0.443256 0.344721 0.580376 0.318086
1 0.842054 0.0273302 0.315892 0.0546604
0 0.75498 0.209645 0.485229 0.419289
1 0.847882 0.635906 0.304235 0.372431
2 0.464163 0.87447 0.326318 0.251059
3 0.685844 0.820911 0.614591 0.358179
0 0.7155 0.743718 0.569001 0.512565
3 0.811153 0.108643 0.377693 0.217285
0 0.344169 0.243781 0.406343 0.44617
0 0.153928 0.1577 0.307855 0.315399
0 0.386352 0.852303 0.511238 0.295395
0 0.379888 0.259325 0.645499 0.518651
2 0.681721 0.436976 0.356687 0.340622
0 0.812895 0.711106 0.374211 0.431503
0 0.472149 0.936165 0.316356 0.127669
0 0.898105 0.319118 0.20379 0.32148
2 0.11053 0.647929 0.221059 0.435885
5 0.244673 0.613771 0.489345 0.418961
