2 0.682968 0.316515 0.0305054 0.130609
2 0.481276 0.57388 0.0298653 0.140331
2 0.669089 0.577982 0.0300819 0.133736
5 0.445369 0.321955 0.0332827 0.0952283
2 0.605511 0.316044 0.0278492 0.130401
2 0.721272 0.579523 0.0277264 0.142366
2 0.630992 0.313266 0.0276169 0.126059
2 0.695096 0.57738 0.031018 0.136622
2 0.580307 0.315113 0.0274038 0.131787
2 0.417099 0.532882 0.0391846 0.112576
4 0.838767 0.739504 0.0279251 0.10168
4 0.562157 0.577632 0.0310866 0.149578
2 0.267917 0.743062 0.0386066 0.109043
2 0.958161 0.54324 0.0273359 0.0837027
2 0.881884 0.165054 0.0272154 0.0894522
4 0.417099 0.532882 0.0391846 0.112576
4 0.682968 0.316515 0.0305054 0.130609
2 0.83977 0.635989 0.0278893 0.0894003
2 0.310845 0.523046 0.0367181 0.0900034
2 0.342679 0.628367 0.0328413 0.109345
2 0.305529 0.629362 0.0318115 0.10593
4 0.588355 0.575948 0.0297814 0.151308
2 0.984385 0.54726 0.0292437 0.0981459
2 0.769703 0.238192 0.0329647 0.095863
2 0.554126 0.312726 0.0293731 0.132854
2 0.528019 0.308315 0.028642 0.132835
2 0.656539 0.313428 0.0270666 0.130281
2 0.41398 0.637928 0.0339851 0.0984526
4 0.347546 0.523961 0.0286853 0.0901171
2 0.838767 0.739504 0.0279251 0.10168
4 0.721269 0.574917 0.0276726 0.140409
2 0.643209 0.72767 0.0297331 0.147224
3 0.481652 0.575585 0.0297951 0.146068
2 0.854769 0.161815 0.0282303 0.0905047
2 0.445584 0.743983 0.0348716 0.103077
4 0.481276 0.57388 0.0298653 0.140331
3 0.580182 0.310896 0.0271999 0.125113
2 0.781713 0.641833 0.0234323 0.079789
4 0.41398 0.637928 0.0339851 0.0984526
4 0.900313 0.542238 0.0329975 0.0885051
4 0.456808 0.640304 0.0191938 0.0953509
3 0.669089 0.577982 0.0300819 0.133736
2 0.445369 0.321955 0.0332827 0.0952283
2 0.841226 0.542216 0.0316862 0.0949754
2 0.640952 0.578745 0.0294693 0.138339
4 0.448888 0.318497 0.0332098 0.103701
4 0.277438 0.529621 0.023499 0.0753611
2 0.417868 0.756222 0.0271886 0.076264
2 0.371252 0.629916 0.0291297 0.107116
4 0.310913 0.525604 0.032349 0.0907322
2 0.418168 0.126528 0.0319379 0.0881042
2 0.748477 0.540651 0.0273233 0.0847292
4 0.448948 0.742183 0.0339499 0.107134
2 0.504937 0.720996 0.028787 0.142192
2 0.707575 0.318972 0.0265596 0.127036
5 0.768938 0.335913 0.0354939 0.0973669
5 0.778899 0.744102 0.0319574 0.0971392
2 0.230767 0.745018 0.036115 0.117652
2 0.380979 0.633405 0.0302338 0.0999544
2 0.33985 0.742826 0.0329093 0.11151
2 0.244381 0.31055 0.0350579 0.101944
3 0.682968 0.316515 0.0305054 0.130609
2 0.237105 0.527614 0.0359473 0.0936407
2 0.383319 0.217806 0.0309315 0.0946038
2 0.296668 0.628469 0.0240117 0.107649
2 0.534468 0.577929 0.0305267 0.148561
4 0.240258 0.537379 0.0256742 0.077102
3 0.630992 0.313266 0.0276169 0.126059
2 0.268564 0.630563 0.0297671 0.0976913
2 0.533889 0.721369 0.0316587 0.144894
2 0.908392 0.16899 0.0294952 0.0895796
2 0.809956 0.637915 0.0305439 0.0891118
2 0.562157 0.577632 0.0310866 0.149578
2 0.781591 0.541416 0.0249966 0.0793333
5 0.378758 0.636598 0.0331003 0.0971497
3 0.605403 0.312183 0.027599 0.124332
2 0.615307 0.576199 0.0283291 0.14967
2 0.502071 0.305657 0.0282351 0.134837
4 0.296668 0.628469 0.0240117 0.107649
2 0.807911 0.638726 0.0210075 0.0805073
5 0.347546 0.523961 0.0286853 0.0901171
2 0.440799 0.639749 0.0219933 0.0993575
2 0.814032 0.542182 0.0282585 0.0938698
2 0.478074 0.723217 0.0297406 0.149178
2 0.929379 0.541685 0.0288857 0.0863867
4 0.533825 0.721225 0.0322595 0.147098
2 0.975942 0.742888 0.0293287 0.105394
5 0.310913 0.525604 0.032349 0.0907322
5 0.75366 0.54039 0.0269939 0.0914761
2 0.232926 0.635843 0.0264881 0.0810307
2 0.616598 0.725208 0.0300892 0.149394
2 0.381661 0.528296 0.0317369 0.101076
2 0.347546 0.523961 0.0286853 0.0901171
5 0.826306 0.342018 0.0304718 0.0896233
2 0.305069 0.742114 0.0361184 0.108442
2 0.133267 0.303256 0.0390753 0.104503
2 0.720914 0.557547 0.0265926 0.115331
2 0.589248 0.576515 0.0286337 0.147528
2 0.777036 0.642742 0.0321032 0.0877867
2 0.748556 0.641109 0.0272013 0.0831368
3 0.554048 0.309546 0.0290825 0.12756
3 0.504937 0.720996 0.028787 0.142192
2 0.50774 0.576382 0.0297649 0.150288
2 0.278421 0.525471 0.0266715 0.0865711
2 0.274245 0.629646 0.0266806 0.103467
4 0.382636 0.531381 0.0271306 0.08881
4 0.269359 0.744578 0.0348191 0.108165
4 0.419142 0.755633 0.0231052 0.0751789
4 0.53375 0.577412 0.0298517 0.149723
4 0.580182 0.310896 0.0271999 0.125113
2 0.333911 0.627823 0.031169 0.110207
2 0.900092 0.541211 0.0344152 0.0850763
5 0.780428 0.541373 0.0315197 0.0925377
5 0.244381 0.31055 0.0350579 0.101944
3 0.839016 0.629597 0.0269928 0.0707995
4 0.371252 0.629916 0.0291297 0.107116
4 0.273318 0.628736 0.0296166 0.105224
2 0.240258 0.537379 0.0256742 0.077102
4 0.0986991 0.297185 0.0359878 0.10651
4 0.30552 0.631531 0.0298372 0.101764
2 0.779662 0.744144 0.0355972 0.0970863
2 0.736552 0.23685 0.0307417 0.0943142
2 0.365817 0.74784 0.0217729 0.108768
4 0.416016 0.174431 0.0373189 0.203627
3 0.695096 0.57738 0.031018 0.136622
5 0.900092 0.541211 0.0344152 0.0850763
4 0.95844 0.542743 0.0273146 0.0891306
4 0.342679 0.628367 0.0328413 0.109345
4 0.271432 0.529768 0.0251019 0.074943
4 0.561564 0.72148 0.0291195 0.144802
4 0.374509 0.525966 0.026018 0.0989805
4 0.528019 0.308315 0.028642 0.132835
5 0.779065 0.641543 0.0303654 0.091651
4 0.478309 0.721862 0.0285361 0.146268
2 0.829131 0.2493 0.0294825 0.0918071
4 0.839016 0.629597 0.0269928 0.0707995
2 0.561509 0.722866 0.0288898 0.148009
2 0.456808 0.640304 0.0191938 0.0953509
4 0.974734 0.742307 0.0298237 0.100946
4 0.246599 0.307829 0.0331699 0.106012
5 0.445584 0.743983 0.0348716 0.103077
4 0.886045 0.255809 0.0320461 0.0906424
4 0.605403 0.312183 0.027599 0.124332
5 0.967358 0.173507 0.035297 0.083408
2 0.776303 0.540165 0.0278408 0.0823138
4 0.297701 0.527929 0.0185598 0.0856526
2 0.871226 0.542949 0.0287069 0.0911301
2 0.976533 0.642129 0.0264177 0.0937607
4 0.825808 0.343131 0.029216 0.0893429
2 0.735749 0.335238 0.0327398 0.096317
5 0.768651 0.743586 0.0437442 0.097255
4 0.13485 0.303211 0.0381906 0.106003
4 0.630992 0.313266 0.0276169 0.126059
2 0.415734 0.321864 0.0332172 0.0922564
4 0.500854 0.303596 0.0275934 0.134986
4 0.871226 0.542949 0.0287069 0.0911301
4 0.384009 0.217729 0.0310746 0.0993437
4 0.237105 0.527614 0.0359473 0.0936407
2 0.808993 0.741392 0.0315191 0.10004
3 0.838767 0.739504 0.0279251 0.10168
2 0.754158 0.542059 0.019528 0.0798977
4 0.380979 0.633405 0.0302338 0.0999544
4 0.870934 0.638635 0.0340054 0.0896468
4 0.30537 0.744878 0.0339876 0.106938
2 0.476667 0.305893 0.0288376 0.136326
2 0.278112 0.304248 0.0322475 0.113673
4 0.266074 0.630667 0.0351604 0.0949551
2 0.969103 0.642696 0.0496037 0.0957743
2 0.450528 0.537392 0.0310381 0.0938789
2 0.747352 0.742979 0.0310472 0.0978202
3 0.528019 0.308315 0.028642 0.132835
3 0.656539 0.313428 0.0270666 0.130281
3 0.866341 0.74239 0.0278229 0.102904
2 0.854932 0.252955 0.029554 0.0930487
2 0.383305 0.75182 0.023385 0.0999035
2 0.869567 0.643059 0.0312366 0.0938873
2 0.92153 0.74029 0.0308388 0.104411
4 0.707575 0.318972 0.0265596 0.127036
4 0.365817 0.74784 0.0217729 0.108768
3 0.266074 0.630667 0.0351604 0.0949551
5 0.738043 0.33522 0.0319843 0.0961005
5 0.305745 0.743817 0.0343435 0.110417
4 0.615008 0.575341 0.0273848 0.142196
3 0.50774 0.576382 0.0297649 0.150288
2 0.407854 0.75513 0.0258482 0.0817378
5 0.900412 0.636224 0.0318035 0.0883923
3 0.721272 0.579523 0.0277264 0.142366
5 0.839497 0.740219 0.0304756 0.104264
2 0.936282 0.170574 0.0284256 0.0887552
2 0.884904 0.256415 0.029826 0.0912291
2 0.238678 0.634968 0.0220609 0.081732
2 0.828773 0.343659 0.0264996 0.090227
2 0.444426 0.648845 0.0254855 0.0829409
4 0.381767 0.319047 0.0340983 0.0905993
4 0.695096 0.57738 0.031018 0.136622
2 0.84384 0.638897 0.0206066 0.0795559
5 0.413208 0.638943 0.0372744 0.0993099
2 0.25726 0.630314 0.0302845 0.0986296
4 0.383305 0.75182 0.023385 0.0999035
2 0.866811 0.739342 0.0296444 0.10049
2 0.969813 0.261473 0.0281872 0.0869459
4 0.669089 0.577982 0.0300819 0.133736
2 0.927356 0.638404 0.0291748 0.0951884
5 0.418168 0.126528 0.0319379 0.0881042
2 0.311022 0.297997 0.0343015 0.121743
4 0.506329 0.574738 0.0276815 0.149396
4 0.64135 0.578327 0.0287033 0.137557
2 0.755052 0.642641 0.0183125 0.0824446
4 0.266259 0.528077 0.0291638 0.0831252
4 0.280568 0.628254 0.0249865 0.100142
4 0.351795 0.213677 0.0303376 0.0950015
4 0.173336 0.308447 0.036164 0.102824
5 0.0697207 0.10303 0.0342562 0.0956324
2 0.770839 0.238681 0.0239923 0.0911568
3 0.502071 0.305657 0.0282351 0.134837
4 0.332415 0.627484 0.029115 0.108741
2 0.854677 0.345119 0.0274635 0.088391
4 0.475134 0.307481 0.0293898 0.130908
4 0.554048 0.309546 0.0290825 0.12756
2 0.266259 0.528077 0.0291638 0.0831252
4 0.840085 0.543644 0.0327505 0.0955147
4 0.504937 0.720996 0.028787 0.142192
4 0.929379 0.541685 0.0288857 0.0863867
2 0.381736 0.318096 0.034359 0.0951382
2 0.351795 0.213677 0.0303376 0.0950015
4 0.238678 0.634968 0.0220609 0.081732
4 0.33985 0.742826 0.0329093 0.11151
2 0.78989 0.541136 0.0202736 0.0849215
5 0.81151 0.544162 0.0295403 0.0963072
2 0.827614 0.156562 0.0298325 0.0979335
2 0.271432 0.529768 0.0251019 0.074943
2 0.914581 0.956289 0.0440277 0.084646
2 0.416131 0.220687 0.0340649 0.109754
2 0.589646 0.721958 0.0313042 0.152215
5 0.707326 0.319832 0.0271471 0.125166
2 0.597412 0.96764 0.0315659 0.0647196
4 0.421906 0.533155 0.0278307 0.108651
4 0.339566 0.524175 0.0253997 0.0928372
2 0.067886 0.29443 0.0354532 0.112405
2 0.768938 0.335913 0.0354939 0.0973669
3 0.64135 0.578327 0.0287033 0.137557
4 0.41862 0.126754 0.0323204 0.0935204
4 0.984385 0.54726 0.0292437 0.0981459
2 0.794368 0.639392 0.0104427 0.0775599
5 0.83977 0.635989 0.0278893 0.0894003
2 0.955151 0.954772 0.0326485 0.0883982
3 0.614959 0.576311 0.0283143 0.143438
2 0.793264 0.539383 0.0143883 0.0821459
3 0.58913 0.576859 0.0295126 0.149442
4 0.230197 0.745216 0.0340808 0.12228
3 0.534468 0.577929 0.0305267 0.148561
4 0.451556 0.539219 0.0333372 0.0908857
2 0.948926 0.741322 0.0281801 0.106639
5 0.809171 0.639108 0.0292294 0.0879298
5 0.533277 0.721444 0.0296542 0.145507
4 0.312574 0.270605 0.0358696 0.18566
2 0.801977 0.246907 0.0306107 0.0934559
4 0.927356 0.638404 0.0291748 0.0951884
3 0.643209 0.72767 0.0297331 0.147224
3 0.95616 0.542785 0.029715 0.0885746
5 0.969211 0.263009 0.0285534 0.0856326
3 0.68576 0.969612 0.0295769 0.0595577
2 0.720442 0.733335 0.029062 0.114186
3 0.482506 0.971065 0.0256437 0.0578693
5 0.631157 0.316395 0.027219 0.131466
2 0.900412 0.636224 0.0318035 0.0883923
2 0.783211 0.639521 0.029653 0.0902417
2 0.800123 0.338616 0.0296412 0.0867647
2 0.403338 0.755562 0.0235315 0.0785563
4 0.900269 0.638424 0.031229 0.0885421
2 0.347644 0.630465 0.0242869 0.105437
4 0.81151 0.544162 0.0295403 0.0963072
4 0.77724 0.641506 0.0326263 0.0904596
2 0.694358 0.719293 0.0284158 0.148183
2 0.66864 0.721341 0.026557 0.152487
2 0.274191 0.744412 0.0272398 0.105425
4 0.881884 0.165054 0.0272154 0.0894522
2 0.835183 0.637372 0.0205486 0.0845263
2 0.280778 0.105702 0.0333366 0.102984
5 0.912312 0.346422 0.0328686 0.083085
4 0.25726 0.630314 0.0302845 0.0986296
2 0.223404 0.744012 0.0356897 0.116705
4 0.287637 0.630957 0.0142464 0.101503
5 0.304815 0.630141 0.0330097 0.103126
5 0.605511 0.316044 0.0278492 0.130401
2 0.940887 0.260401 0.0317528 0.0917089
2 0.421906 0.533155 0.0278307 0.108651
4 0.969813 0.261473 0.0281872 0.0869459
2 0.819593 0.638886 0.0145149 0.0842509
5 0.444426 0.648845 0.0254855 0.0829409
3 0.656588 0.970282 0.0265688 0.0584
2 0.896208 0.738409 0.0269901 0.0995699
4 0.935909 0.169623 0.0269955 0.089952
4 0.909465 0.16872 0.0339331 0.0881515
4 0.349206 0.302745 0.0291365 0.120018
5 0.682565 0.319358 0.0284003 0.134632
3 0.769703 0.238192 0.0329647 0.095863
5 0.809014 0.963218 0.0339724 0.0709806
2 0.784147 0.540874 0.033271 0.0896536
2 0.0986991 0.297185 0.0359878 0.10651
