5 0.397642 0.275354 0.0420298 0.0746701
5 0.48905 0.596856 0.0297749 0.0698204
5 0.390537 0.520768 0.0320244 0.0665334
5 0.387978 0.42671 0.0251989 0.0660202
5 0.489013 0.359405 0.0276768 0.0643803
5 0.342412 0.5926 0.0327518 0.0733767
5 0.335699 0.423693 0.0404892 0.0707372
5 0.235501 0.588551 0.0382018 0.069902
5 0.329355 0.873597 0.036224 0.0533548
5 0.386554 0.884676 0.0442979 0.0985012
5 0.383904 0.672797 0.0440522 0.0796534
5 0.342901 0.535927 0.0299677 0.0298046
5 0.392166 0.598969 0.0319098 0.0638725
5 0.44009 0.355728 0.0352103 0.0730909
5 0.442324 0.593819 0.0308693 0.0775496
5 0.239847 0.0851483 0.0304364 0.0737896
5 0.283091 0.667365 0.0385019 0.0821245
5 0.294694 0.51917 0.0307206 0.0716799
5 0.640593 0.590192 0.04217 0.0837463
5 0.489643 0.527073 0.0305573 0.0684042
5 0.297427 0.165472 0.0207707 0.0651362
5 0.233853 0.517795 0.0296026 0.0721178
5 0.290637 0.421723 0.03398 0.0716879
5 0.344882 0.175493 0.0290082 0.0585845
5 0.286757 0.266968 0.0374372 0.0732802
5 0.226538 0.343403 0.0258737 0.060469
5 0.241606 0.411279 0.0323876 0.0666382
5 0.136513 0.0922746 0.0333374 0.0675256
5 0.289511 0.345316 0.0268069 0.0741064
5 0.601944 0.587684 0.036772 0.0769866
5 0.230294 0.268865 0.0328946 0.0838343
5 0.38928 0.793291 0.0306565 0.0795524
5 0.294658 0.0909875 0.0454992 0.0840298
5 0.28564 0.887635 0.019226 0.0729584
5 0.347544 0.101131 0.0339128 0.0653779
5 0.333381 0.809302 0.0342443 0.071932
5 0.332359 0.351313 0.0268105 0.0670356
5 0.436628 0.426868 0.0277159 0.0695278
4 0.983639 0.860629 0.0327214 0.158248
5 0.535656 0.176633 0.0376085 0.0752866
5 0.543641 0.891868 0.0375975 0.0700012
5 0.423454 0.862648 0.0218369 0.0502907
5 0.393498 0.177511 0.0339764 0.067377
5 0.279423 0.592115 0.0321751 0.07143
5 0.445396 0.862562 0.025865 0.0525204
5 0.398603 0.521873 0.0420084 0.0633841
5 0.407815 0.521268 0.0237408 0.0665157
5 0.387245 0.350331 0.0300754 0.0665319
5 0.440203 0.183615 0.0240345 0.0607679
5 0.488969 0.88715 0.0458933 0.0828951
5 0.33393 0.670444 0.0380056 0.0771962
5 0.346514 0.424401 0.0436069 0.0712016
5 0.433301 0.651264 0.0230693 0.0313829
5 0.10296 0.152405 0.056565 0.0472718
5 0.440817 0.522769 0.0346232 0.0647851
5 0.484147 0.802156 0.0395568 0.08034
5 0.281536 0.166367 0.0199882 0.0669807
5 0.717966 0.84035 0.0592364 0.171962
5 0.344768 0.809952 0.0297583 0.0730431
5 0.238858 0.165695 0.0339514 0.0595177
5 0.692782 0.678762 0.0489454 0.0564373
5 0.474506 0.597928 0.0353146 0.0689903
5 0.440801 0.283626 0.0343006 0.0583288
5 0.447285 0.357394 0.0465618 0.0698547
5 0.441873 0.651416 0.032373 0.0291974
5 0.239507 0.0239765 0.0205788 0.0474646
5 0.411901 0.42585 0.0208521 0.0653086
5 0.607247 0.6586 0.0276245 0.0678398
5 0.335519 0.292046 0.0232157 0.0476591
5 0.31961 0.169068 0.0216851 0.0586271
5 0.491502 0.422648 0.0337421 0.0622091
5 0.768588 0.683258 0.0405971 0.083497
5 0.673928 0.404528 0.0391186 0.0570902
5 0.342074 0.0291554 0.048293 0.056242
5 0.437202 0.794369 0.0365505 0.0759415
5 0.270435 0.515722 0.026597 0.0625973
4 0.936155 0.847454 0.0468323 0.141822
5 0.275442 0.265589 0.0267327 0.071871
5 0.234133 0.0858099 0.0269115 0.0718974
5 0.294533 0.0741766 0.0505911 0.116925
5 0.0558777 0.341466 0.0571496 0.110558
5 0.733117 0.626678 0.0250286 0.0329592
5 0.290558 0.665836 0.0291038 0.0809614
5 0.245096 0.164775 0.0238929 0.064711
5 0.287405 0.166315 0.0289865 0.0692664
5 0.293681 0.26676 0.0251112 0.0668618
5 0.469995 0.597991 0.0251928 0.0673952
5 0.0987476 0.100943 0.0442545 0.0516195
5 0.386876 0.870399 0.042692 0.0693523
4 0.952279 0.399773 0.0504251 0.143415
5 0.0836441 0.0625197 0.147374 0.123075
5 0.497317 0.283302 0.0224716 0.0464007
5 0.466929 0.596678 0.0267497 0.0771488
5 0.595996 0.589954 0.033869 0.0700274
5 0.732167 0.602066 0.0307141 0.0827127
5 0.252798 0.342748 0.0217865 0.060484
5 0.184072 0.592279 0.0287835 0.0761508
5 0.287047 0.516735 0.0395784 0.0664583
5 0.489022 0.106102 0.0303605 0.0730047
5 0.412037 0.522403 0.0203888 0.0651447
5 0.74577 0.602346 0.0172088 0.0801725
5 0.326048 0.668854 0.0321008 0.0721194
5 0.344003 0.67 0.029667 0.0782766
5 0.454459 0.523777 0.03269 0.0599772
2 0.952279 0.399773 0.0504251 0.143415
5 0.658525 0.584365 0.0235081 0.0781563
5 0.44722 0.283823 0.0282429 0.0513259
5 0.459279 0.282347 0.0389891 0.0489721
5 0.532864 0.143781 0.049843 0.15664
4 0.828579 0.636155 0.053899 0.156261
5 0.671508 0.375502 0.0448242 0.12093
5 0.391144 0.791545 0.0422483 0.0836512
5 0.388789 0.103674 0.0241899 0.0743468
5 0.476092 0.28346 0.0328114 0.048358
5 0.489439 0.121467 0.0318451 0.0797502
2 0.983639 0.860629 0.0327214 0.158248
5 0.354079 0.597694 0.0347868 0.0680847
5 0.49273 0.0357544 0.0340611 0.0546401
5 0.109798 0.0894866 0.0704345 0.0726097
5 0.290025 0.0970737 0.0464597 0.0653262
5 0.462482 0.595371 0.0219609 0.0742446
5 0.25815 0.266796 0.0248713 0.0776422
5 0.591099 0.903358 0.0540075 0.0983137
5 0.271688 0.516892 0.0429755 0.0679366
5 0.266581 0.165316 0.0212921 0.0634891
5 0.744931 0.62105 0.0150568 0.0414659
5 0.368661 0.178586 0.0187769 0.0565789
5 0.626505 0.410411 0.047122 0.0694435
5 0.489523 0.563523 0.0305931 0.131288
5 0.342601 0.067012 0.0492607 0.133085
5 0.633431 0.671013 0.0233358 0.058115
5 0.341704 0.0971927 0.0494431 0.0685059
5 0.67166 0.344677 0.0430933 0.0607874
5 0.0963707 0.0854509 0.0411232 0.0822794
2 0.877807 0.638211 0.0545425 0.153994
5 0.617082 0.58833 0.0222054 0.0802691
2 0.936155 0.847454 0.0468323 0.141822
5 0.398491 0.790688 0.0416681 0.0838016
5 0.281959 0.628333 0.041242 0.144884
5 0.0907016 0.908979 0.0615867 0.15783
5 0.316676 0.515494 0.0167645 0.0502249
5 0.607939 0.588535 0.0238299 0.0729218
5 0.693958 0.616448 0.0390696 0.0648344
4 0.984222 0.391761 0.0315551 0.121659
5 0.733547 0.381082 0.0498476 0.141658
2 0.828146 0.635616 0.0559072 0.15891
5 0.268594 0.345207 0.0172429 0.0682848
2 0.782531 0.394139 0.0499832 0.155121
5 0.252047 0.0247338 0.0332053 0.0472998
5 0.881265 0.852269 0.0530266 0.151319
2 0.958381 0.640361 0.0630009 0.150645
5 0.0464564 0.0941415 0.0612251 0.0663762
4 0.910483 0.406009 0.0458727 0.159252
5 0.490601 0.669168 0.0281301 0.0696117
5 0.529371 0.6102 0.0466488 0.121872
5 0.730195 0.597852 0.0434299 0.0854599
5 0.493236 0.182227 0.0303768 0.0759675
2 0.865241 0.401282 0.0535376 0.15347
2 0.876247 0.159597 0.0559124 0.16168
5 0.533202 0.379136 0.0476477 0.135263
5 0.348397 0.530047 0.0430767 0.0417202
4 0.962587 0.39206 0.0293722 0.126316
5 0.233082 0.66412 0.0349846 0.0697459
5 0.453063 0.424143 0.0242004 0.0620716
5 0.644999 0.607193 0.0500813 0.114685
5 0.546359 0.895067 0.0496937 0.0838196
5 0.696366 0.627989 0.0337385 0.0386351
2 0.778872 0.85061 0.0552372 0.156622
5 0.483844 0.871288 0.046909 0.0529894
5 0.54692 0.823583 0.0266657 0.0708685
5 0.343496 0.873313 0.0382855 0.0524307
5 0.779925 0.851828 0.0551205 0.154182
5 0.23514 0.268126 0.0280229 0.0802882
5 0.486203 0.282909 0.0461699 0.0440591
5 0.255747 0.0245786 0.0232498 0.0466418
5 0.466113 0.361129 0.0209045 0.0643206
2 0.913375 0.627255 0.0258755 0.125895
5 0.244176 0.343798 0.0224654 0.0593522
4 0.793742 0.145371 0.0489811 0.184362
5 0.366812 0.426046 0.0205179 0.0684113
5 0.451272 0.650251 0.0215935 0.0301666
5 0.27025 0.264345 0.0293829 0.0689427
5 0.628482 0.381662 0.0476113 0.131505
5 0.679469 0.403357 0.0269348 0.0589156
5 0.490228 0.520457 0.0229584 0.0519043
5 0.531436 0.102828 0.0452482 0.0772868
4 0.971169 0.643458 0.0340553 0.163297
5 0.357258 0.294602 0.0228921 0.0489764
4 0.876247 0.159597 0.0559124 0.16168
5 0.302784 0.515686 0.0382284 0.0641748
5 0.324482 0.594506 0.0215258 0.0674891
5 0.766772 0.598353 0.0248553 0.0835659
5 0.280223 0.5147 0.0548915 0.0600742
3 0.879487 0.637757 0.054071 0.155569
5 0.523955 0.368547 0.042581 0.108565
5 0.727358 0.582236 0.0435492 0.0526745
5 0.270055 0.775819 0.0361477 0.0573028
5 0.104264 0.0948132 0.0577272 0.057674
5 0.535438 0.345912 0.0425118 0.0675453
5 0.489649 0.0785495 0.0277772 0.0278856
2 0.733547 0.381082 0.0498476 0.141658
5 0.111578 0.0647633 0.0886442 0.125499
5 0.189469 0.343075 0.0323612 0.061992
5 0.690569 0.649682 0.0523523 0.111342
5 0.601898 0.64884 0.0392248 0.0464497
5 0.297676 0.0983544 0.0340776 0.0630696
5 0.467214 0.571135 0.018229 0.057099
5 0.397011 0.0836857 0.0521704 0.164285
5 0.37438 0.596623 0.0262621 0.0654131
5 0.302646 0.0977423 0.0263275 0.0711152
5 0.427492 0.284655 0.0238024 0.0559406
5 0.248979 0.342336 0.0219785 0.0640749
5 0.268994 0.888643 0.0431439 0.0732662
5 0.423266 0.59732 0.0217214 0.0691865
5 0.279394 0.776419 0.0268951 0.0541234
4 0.878076 0.638263 0.0482502 0.159303
2 0.829762 0.8572 0.0450386 0.161566
4 0.868429 0.405284 0.0512737 0.159692
1 0.962137 0.636971 0.07351 0.154849
5 0.314681 0.274401 0.0192796 0.0537299
5 0.358136 0.879879 0.0230866 0.0705938
4 0.835888 0.161066 0.0510311 0.15365
2 0.697957 0.153805 0.0487616 0.165476
5 0.623348 0.147155 0.0447802 0.15036
5 0.0824659 0.0327244 0.146572 0.0631536
5 0.380311 0.900381 0.02862 0.0634838
2 0.910746 0.405028 0.0447857 0.156994
5 0.4903 0.358362 0.0384329 0.0663259
5 0.564711 0.578357 0.0259395 0.0481609
5 0.704552 0.682001 0.0247913 0.046633
5 0.657189 0.560891 0.02008 0.0331917
4 0.802166 0.165017 0.0307491 0.168073
2 0.877816 0.851235 0.0579933 0.154902
5 0.733863 0.686152 0.0304451 0.0617105
5 0.271928 0.414356 0.0209875 0.0593374
5 0.399695 0.176906 0.0221934 0.066379
2 0.985978 0.393013 0.0280447 0.122831
5 0.190897 0.0851972 0.038612 0.0859267
5 0.358793 0.177759 0.0304996 0.0576739
5 0.439821 0.51826 0.0281713 0.0551806
5 0.638065 0.671786 0.0313113 0.059481
5 0.489072 0.141954 0.040447 0.152785
5 0.436356 0.862703 0.0465227 0.0513134
5 0.50014 0.874135 0.0307166 0.0553772
5 0.134427 0.0654821 0.0425741 0.122281
5 0.216129 0.083507 0.0253477 0.0773309
5 0.580307 0.649536 0.0237314 0.0401805
5 0.395733 0.0360052 0.0530473 0.0687515
4 0.961829 0.642902 0.0569874 0.156898
2 0.953577 0.850133 0.0382824 0.146482
5 0.497697 0.356372 0.0270372 0.0663006
5 0.744339 0.5984 0.0224574 0.0894758
5 0.338945 0.173525 0.0344581 0.0569976
5 0.983639 0.860629 0.0327214 0.158248
5 0.830569 0.853772 0.0441612 0.15578
5 0.491356 0.668802 0.0398514 0.068563
5 0.606133 0.653229 0.0325428 0.0517033
5 0.142394 0.152163 0.0257481 0.0534702
5 0.389208 0.101076 0.0365194 0.0749285
5 0.420357 0.177912 0.0186453 0.0695174
5 0.354307 0.422535 0.0289677 0.0719738
4 0.824535 0.635634 0.0396732 0.170373
5 0.367785 0.538845 0.0177772 0.0312389
5 0.302459 0.590659 0.0211365 0.0584062
5 0.477997 0.422256 0.0348608 0.0583284
5 0.471632 0.183902 0.0195135 0.0636253
5 0.405182 0.598145 0.0268065 0.0684073
5 0.336959 0.806017 0.0504647 0.0654615
5 0.342288 0.531286 0.0352091 0.0318377
5 0.435293 0.285267 0.0332426 0.0605927
5 0.187647 0.516243 0.0341862 0.0766616
5 0.450368 0.425172 0.0421361 0.0623249
5 0.909621 0.403934 0.0443531 0.15498
2 0.0904321 0.908876 0.0584348 0.158262
5 0.601194 0.823878 0.0359454 0.0676136
2 0.961796 0.396156 0.0289572 0.13501
5 0.617875 0.589487 0.0325516 0.077336
5 0.347623 0.0337757 0.041158 0.0656668
5 0.581342 0.38434 0.0526955 0.152971
2 0.858057 0.404158 0.0364239 0.160024
5 0.358921 0.0322961 0.0195013 0.0607966
4 0.740446 0.383822 0.0351629 0.147735
4 0.858057 0.404158 0.0364239 0.160024
2 0.830833 0.399893 0.0220327 0.147744
5 0.936155 0.847454 0.0468323 0.141822
5 0.238251 0.66504 0.0306829 0.0740276
5 0.200843 0.0858178 0.0413294 0.0770909
5 0.659368 0.668687 0.0196989 0.056798
5 0.258438 0.0829488 0.019904 0.0670102
5 0.650294 0.901167 0.0560364 0.0963863
5 0.579241 0.130319 0.0467976 0.119924
5 0.326386 0.424913 0.0408852 0.0741781
4 0.886835 0.638008 0.0333141 0.151209
5 0.451761 0.596039 0.0172247 0.0689073
5 0.532041 0.409077 0.0381483 0.0705839
5 0.121861 0.0971273 0.0564448 0.0606799
4 0.881265 0.852269 0.0530266 0.151319
5 0.952706 0.397182 0.0434078 0.135763
5 0.435314 0.624308 0.0231337 0.031563
4 0.779925 0.851828 0.0551205 0.154182
