5 0.147893 0.499236 0.0770049 0.1934
5 0.361777 0.817699 0.063547 0.205146
5 0.842649 0.774416 0.071909 0.216783
5 0.57137 0.441099 0.0674226 0.217807
5 0.696764 0.795991 0.0696495 0.200398
5 0.0470067 0.853171 0.0761732 0.190482
5 0.489144 0.808846 0.0731071 0.211327
5 0.512234 0.448413 0.0672462 0.207646
5 0.219819 0.479787 0.0699386 0.214755
5 0.849463 0.0708146 0.0907337 0.140345
5 0.172931 0.831252 0.0736418 0.213676
5 0.768782 0.780913 0.078051 0.216487
5 0.966403 0.471379 0.0671944 0.156263
5 0.0759785 0.498336 0.0724815 0.203536
5 0.837808 0.416226 0.0801277 0.197702
5 0.39421 0.102033 0.0638331 0.186377
5 0.45007 0.477324 0.0602862 0.15955
5 0.759398 0.0747898 0.0807293 0.14734
5 0.400064 0.489655 0.054657 0.159189
5 0.530574 0.0894713 0.07071 0.177671
5 0.764816 0.428317 0.0634548 0.203839
5 0.635599 0.431413 0.0791569 0.226254
5 0.7036 0.421776 0.074071 0.226621
5 0.242487 0.832216 0.0702801 0.199529
5 0.636643 0.798461 0.0709608 0.207085
5 0.597661 0.0869311 0.0764574 0.171283
5 0.414842 0.832566 0.0670086 0.173464
5 0.675264 0.080988 0.090058 0.160171
5 0.459745 0.0954612 0.073765 0.188999
5 0.0221724 0.513754 0.0443447 0.180091
5 0.207923 0.11472 0.0717737 0.219775
5 0.563213 0.802409 0.0732207 0.205697
5 0.336576 0.102068 0.0709021 0.188325
5 0.0276528 0.138955 0.0553056 0.208789
5 0.342855 0.454701 0.0722483 0.223474
5 0.114508 0.847496 0.0651796 0.196768
5 0.810547 0.415253 0.0553455 0.197936
5 0.345502 0.482098 0.0665855 0.169524
5 0.626642 0.434191 0.0538362 0.219269
5 0.342918 0.504164 0.0613084 0.107635
5 0.0688839 0.130706 0.0740277 0.220744
5 0.939011 0.471085 0.0447212 0.152023
5 0.626942 0.801352 0.0573913 0.195519
5 0.814353 0.405244 0.0749344 0.177831
5 0.0991088 0.498169 0.0714795 0.196959
5 0.147576 0.1224 0.0671385 0.224997
5 0.420061 0.711042 0.0331898 0.054902
5 0.041653 0.135265 0.0754189 0.212535
5 0.231092 0.829566 0.0654636 0.199978
5 0.841056 0.809794 0.0633617 0.137193
5 0.445512 0.0975564 0.0646641 0.186061
5 0.609779 0.0941366 0.0529552 0.143149
5 0.344342 0.384823 0.0765894 0.0996814
5 0.759134 0.755864 0.0616364 0.161013
5 0.954953 0.756233 0.0568745 0.175902
5 0.615363 0.435898 0.0837379 0.223063
5 0.976297 0.169122 0.0474068 0.101654
5 0.383477 0.826727 0.0751458 0.183825
5 0.118172 0.496238 0.0646971 0.197984
5 0.0166643 0.84881 0.0333287 0.198538
5 0.755193 0.782884 0.0675236 0.211966
5 0.95469 0.731403 0.0537628 0.11302
5 0.219914 0.519828 0.0569044 0.11947
5 0.656981 0.0813734 0.0598945 0.16105
5 0.708815 0.805653 0.0554459 0.170877
5 0.176663 0.486411 0.0679814 0.203765
5 0.682214 0.0962697 0.0603737 0.116926
5 0.161583 0.386806 0.0516898 0.0457088
5 0.944305 0.835017 0.0378094 0.0559872
5 0.218771 0.834429 0.0313362 0.177279
5 0.701451 0.349674 0.0549158 0.0769613
5 0.0857168 0.130274 0.0686719 0.218814
5 0.689844 0.457717 0.0468576 0.152573
5 0.591934 0.437685 0.0808343 0.218841
5 0.488615 0.774551 0.0778892 0.141343
5 0.0422991 0.860711 0.0602696 0.168493
5 0.715647 0.42312 0.0685111 0.215326
5 0.0654972 0.516471 0.0498093 0.180625
5 0.962229 0.774818 0.0755415 0.190225
5 0.124514 0.847979 0.040763 0.19022
5 0.822701 0.419937 0.086142 0.208158
5 0.499577 0.855931 0.0480602 0.104538
5 0.713826 0.442949 0.0533144 0.176144
5 0.190051 0.483428 0.0652729 0.2082
5 0.487927 0.775852 0.0549576 0.131803
5 0.943229 0.828911 0.0359703 0.0773729
5 0.785122 0.77818 0.0528757 0.212147
5 0.64581 0.465444 0.0536577 0.147798
5 0.696988 0.807854 0.0382541 0.168134
5 0.69168 0.808377 0.0359928 0.183881
5 0.365746 0.796502 0.0777046 0.231557
5 0.592503 0.0890816 0.059248 0.146118
5 0.360138 0.838259 0.0522603 0.154225
5 0.614712 0.799363 0.0665823 0.200854
5 0.966932 0.472411 0.0477404 0.156528
5 0.702614 0.451928 0.052299 0.16125
5 0.469899 0.808883 0.0651009 0.212281
5 0.841509 0.406859 0.0626957 0.163206
5 0.00133719 0.514405 0.00267438 0.195418
5 0.481829 0.810973 0.0410074 0.176295
5 0.747117 0.0911355 0.0564517 0.113539
5 0.523946 0.0757129 0.0487098 0.144343
5 0.412959 0.798128 0.06915 0.232818
5 0.458836 0.468145 0.0724494 0.180852
5 0.218187 0.491532 0.056227 0.173922
5 0.700816 0.814408 0.0645397 0.150378
5 0.98223 0.773679 0.0355391 0.193188
5 0.265513 0.10705 0.0614328 0.207521
5 0.627224 0.453632 0.0494032 0.164561
5 0.441621 0.387196 0.051919 0.0414526
5 0.113814 0.126054 0.0696436 0.218773
5 0.575542 0.806235 0.0680038 0.187289
5 0.102297 0.841732 0.0557501 0.200547
5 0.209565 0.135747 0.0557752 0.165938
5 0.544425 0.0947351 0.0487854 0.1522
5 0.163219 0.128938 0.0407041 0.190008
5 0.593412 0.798814 0.0579725 0.200591
5 0.555665 0.0869006 0.0843924 0.173169
5 0.635135 0.462514 0.0677387 0.151645
5 0.102815 0.849793 0.0363729 0.187335
5 0.0778659 0.144362 0.0587639 0.1872
5 0.710728 0.460716 0.0569495 0.134196
5 0.975123 0.820031 0.0496622 0.0894981
5 0.150956 0.509099 0.0607601 0.157991
5 0.157048 0.124928 0.0438226 0.204594
5 0.766724 0.39552 0.0522755 0.0974106
5 0.516098 0.464206 0.052824 0.171644
5 0.971362 0.831874 0.0568817 0.0679298
5 0.215013 0.438354 0.0471761 0.130849
5 0.499409 0.471058 0.041417 0.161771
5 0.580197 0.0944494 0.0397659 0.142192
5 0.962841 0.735355 0.0622021 0.124284
5 0.155854 0.836729 0.0676849 0.209551
5 0.227346 0.840894 0.0467007 0.193018
5 0.769379 0.474695 0.0634514 0.099673
5 0.242847 0.835674 0.0502317 0.184865
5 0.473795 0.470749 0.10226 0.166139
5 0.529102 0.0887599 0.0470003 0.162679
5 0.0814924 0.172276 0.0545863 0.122753
5 0.0013884 0.143647 0.0027768 0.205582
5 0.311903 0.821407 0.0606866 0.193665
5 0.960689 0.240091 0.0761307 0.0593148
5 0.600268 0.0959599 0.0548986 0.141236
5 0.269003 0.0716925 0.0567334 0.140541
5 0.647982 0.810709 0.0447733 0.150124
5 0.70854 0.34331 0.0590928 0.0854888
5 0.941961 0.166527 0.0341671 0.0978146
5 0.975877 0.487031 0.0482459 0.118941
5 0.583457 0.443278 0.0437529 0.19113
5 0.432297 0.388052 0.0774679 0.0403534
5 0.0170133 0.527519 0.0340266 0.169211
5 0.450415 0.809955 0.0510864 0.214962
5 0.988738 0.782422 0.0221909 0.169285
5 0.846774 0.0857877 0.0800541 0.102871
5 0.791515 0.0893117 0.0326794 0.103794
5 0.631865 0.395293 0.0876654 0.153162
5 0.709064 0.807827 0.041383 0.154736
5 0.68478 0.456397 0.0343632 0.13975
5 0.470639 0.106393 0.0575682 0.145223
5 0.273372 0.0982119 0.0501739 0.19367
5 0.713866 0.334408 0.0483196 0.0660001
5 0.649186 0.432767 0.0476068 0.212777
5 0.323595 0.0996181 0.0670151 0.194199
5 0.94486 0.777019 0.0404331 0.180852
5 0.216673 0.42441 0.0344919 0.107933
5 0.128488 0.816768 0.0296751 0.128672
5 0.272916 0.0944998 0.0305655 0.0869025
5 0.76279 0.459759 0.0532116 0.132113
5 0.187058 0.833858 0.0482962 0.192094
5 0.787106 0.811406 0.0459507 0.136613
5 0.409604 0.463668 0.0795284 0.200936
5 0.726023 0.329924 0.021961 0.0545354
5 0.69796 0.779051 0.0598635 0.156471
5 0.571203 0.467724 0.0628641 0.152775
5 0.138186 0.495173 0.0523075 0.194081
5 0.0728186 0.532719 0.0506751 0.132845
5 0.360598 0.860818 0.0503475 0.104402
5 0.021013 0.526213 0.0388141 0.141379
5 0.461373 0.113168 0.0640408 0.137637
5 0.143047 0.485592 0.0301786 0.157734
5 0.49963 0.814231 0.0411921 0.195804
5 0.266485 0.0686957 0.041304 0.131074
5 0.688414 0.349555 0.0298416 0.0617842
5 0.204477 0.481201 0.0617902 0.221501
5 0.208304 0.426678 0.0385286 0.111832
5 0.0315995 0.164675 0.0577207 0.151097
5 0.977305 0.20044 0.0453899 0.171225
5 0.320603 0.469639 0.0717017 0.209369
5 0.23948 0.475843 0.058398 0.203573
5 0.760484 0.813088 0.0498245 0.125493
5 0.350801 0.747383 0.045228 0.0655365
5 0.102182 0.860401 0.0478431 0.160378
5 0.553074 0.798941 0.0346754 0.109272
5 0.300089 0.82619 0.0520044 0.195667
5 0.580813 0.0908887 0.0893588 0.180771
5 0.960663 0.216962 0.0786735 0.209726
5 0.802089 0.0754334 0.0599543 0.146458
5 0.985361 0.751935 0.0286797 0.156334
5 0.775648 0.421894 0.0428135 0.213439
5 0.0958422 0.423426 0.029583 0.0764578
5 0.0934061 0.505052 0.0353371 0.205759
5 0.247436 0.862372 0.0530799 0.126574
5 0.983106 0.487032 0.0331696 0.117797
5 0.683184 0.813974 0.0308727 0.157343
5 0.933316 0.469453 0.0299009 0.141316
5 0.654291 0.81728 0.035686 0.146223
5 0.456696 0.481358 0.0576893 0.132273
5 0.941445 0.183542 0.0394375 0.131558
5 0.573219 0.818012 0.0456085 0.187434
5 0.653361 0.0935239 0.0431784 0.129054
5 0.983805 0.973756 0.0314056 0.0516823
5 0.167729 0.528326 0.0400687 0.112109
5 0.49891 0.833047 0.0486105 0.15103
5 0.755777 0.422213 0.0584691 0.218809
5 0.128642 0.864846 0.0370373 0.149527
5 0.553966 0.819549 0.034395 0.175681
5 0.758114 0.304153 0.0359031 0.0365943
5 0.552657 0.76127 0.0455919 0.0982721
5 0.00401707 0.848817 0.00803414 0.199126
5 0.34569 0.383577 0.0706548 0.075059
5 0.151075 0.535257 0.0528908 0.106057
5 0.134321 0.141335 0.0503217 0.181145
5 0.148347 0.131349 0.0495243 0.201823
5 0.402682 0.505165 0.0499193 0.117067
5 0.653407 0.447539 0.0318407 0.176782
5 0.129365 0.789044 0.026883 0.0731522
5 0.806259 0.392983 0.028133 0.132327
5 0.0790866 0.141216 0.0407692 0.186799
5 0.819763 0.407501 0.0546318 0.166224
5 0.101541 0.518235 0.0385038 0.151502
5 0.358267 0.750905 0.0595313 0.0739248
5 0.782262 0.421655 0.0748171 0.213624
5 0.758502 0.697736 0.0610569 0.0422972
5 0.823135 0.721133 0.0285839 0.0998512
5 0.250417 0.823252 0.0482061 0.218547
5 0.768451 0.0797271 0.039946 0.131597
5 0.365668 0.768239 0.0339525 0.0869368
5 0.357916 0.765848 0.0551505 0.104502
5 0.0507039 0.131666 0.101056 0.229778
5 0.718619 0.451155 0.0398341 0.171356
5 0.162479 0.493736 0.0504152 0.18482
5 0.491794 0.867827 0.0629326 0.0816597
5 0.220877 0.475955 0.0448126 0.204655
5 0.589001 0.441693 0.0272449 0.193505
5 0.0270814 0.437533 0.0483113 0.0436317
5 0.754478 0.327849 0.0368299 0.0603396
5 0.401591 0.114926 0.0584641 0.146172
5 0.773381 0.379585 0.0410461 0.130541
5 0.79057 0.817273 0.0340918 0.124326
5 0.989361 0.97632 0.0212786 0.0467537
5 0.787289 0.0723491 0.0503082 0.141164
5 0.833145 0.710867 0.0463192 0.0894012
5 0.691555 0.0951578 0.0510944 0.111347
5 0.0615503 0.974802 0.0723153 0.0476049
5 0.448959 0.769177 0.0239717 0.0610229
5 0.168766 0.841081 0.055472 0.206545
5 0.549925 0.110691 0.0339979 0.119414
5 0.211205 0.162857 0.0508552 0.100101
5 0.348982 0.110169 0.0467051 0.174151
5 0.0678006 0.507682 0.0368616 0.202594
5 0.958593 0.493564 0.0529171 0.107155
5 0.512793 0.497355 0.052818 0.101514
5 0.538714 0.120368 0.0523737 0.106305
5 0.758028 0.469902 0.0400385 0.107736
5 0.796946 0.559342 0.0456209 0.0722034
5 0.25421 0.825591 0.0848851 0.206627
5 0.142278 0.449366 0.0286974 0.0812811
5 0.989351 0.756752 0.0212425 0.149336
5 0.160168 0.391496 0.0572273 0.0619543
6 0.0516169 0.853614 0.0849196 0.18797
5 0.124703 0.498964 0.0275808 0.206399
5 0.41654 0.855619 0.064094 0.115714
5 0.977847 0.166181 0.0443052 0.180857
5 0.571795 0.446164 0.0418232 0.203961
5 0.165621 0.859988 0.0481553 0.153187
5 0.0282663 0.851318 0.0565327 0.185866
5 0.850341 0.711557 0.0282181 0.085298
5 0.128425 0.887547 0.0362557 0.0994545
5 0.857833 0.772144 0.0840145 0.212624
5 0.939665 0.839932 0.0273434 0.0465
5 0.0728725 0.113045 0.0485437 0.175482
5 0.0171464 0.434112 0.0320933 0.0384878
5 0.024372 0.506914 0.0487441 0.194633
5 0.584698 0.81888 0.0377432 0.174475
5 0.550125 0.773647 0.0316532 0.0733512
5 0.223772 0.110095 0.0463974 0.197913
5 0.697257 0.734718 0.0593887 0.0721479
5 0.651429 0.42932 0.0402088 0.1701
5 0.61977 0.431653 0.0383875 0.203289
5 0.419437 0.755112 0.0556985 0.151842
5 0.782787 0.443131 0.0518297 0.16627
5 0.336144 0.40044 0.0467362 0.10049
5 0.508761 0.742479 0.0283195 0.0687626
5 0.0246844 0.179073 0.0398237 0.119322
5 0.849458 0.416315 0.0595337 0.125254
5 0.0886622 0.429379 0.0454264 0.0765006
5 0.802805 0.380332 0.0297813 0.120771
5 0.711015 0.828731 0.0529758 0.118937
5 0.326773 0.115994 0.0419266 0.165095
5 0.214091 0.47149 0.0501492 0.228424
